2.685058e-02
1.132942e-01
000000
000000
000000
3.269835e-02
1.350332e-01
2.122523e-02
3.202474e-01
5.092275e-02
6.154146e-02
7.031727e-02
1.711503e-02
000000
000000
000000
3.156166e-01
1.834966e-02
4.662651e-02
5.177920e-02
000000
4.710962e-01
1.583147e-01
000000
1.913238e-01
2.002758e-01
5.722478e-02
000000
1.734412e-01
5.483502e-02
3.483924e-01
000000
1.436867e-01
1.216902e-01
1.838671e-02
5.887040e-02
1.473967e-01
000000
3.020445e-01
9.146182e-02
2.037481e-01
1.916120e-01
8.185831e-02
2.975728e-01
1.877858e-01
8.384853e-02
000000
000000
7.805261e-02
1.767636e-01
7.776234e-02
6.476956e-02
1.815658e-01
2.772008e-02
000000
8.747839e-04
000000
1.234022e-01
000000
1.875498e-01
5.682996e-02
7.067362e-02
000000
4.129892e-01
1.768849e-01
2.127179e-02
000000
1.587496e-01
3.276529e-02
9.918870e-03
6.973537e-02
9.419596e-02
1.057113e-01
000000
000000
000000
6.544812e-02
1.133555e-02
3.409862e-01
1.877621e-02
1.271081e-01
000000
4.777222e-02
2.335361e-01
1.374639e-01
1.068231e-01
000000
9.655928e-02
000000
4.184771e-02
8.200095e-02
000000
1.070534e-01
2.513557e-01
000000
2.121259e-01
2.571429e-01
4.113339e-03
2.332840e-01
4.853228e-02
