7.552545e-03
1.055510e-01
000000
000000
000000
3.712749e-02
2.224104e-02
1.879751e-01
5.372434e-02
4.927450e-02
4.479038e-02
2.120617e-01
1.658589e-02
000000
000000
000000
7.974821e-02
7.887783e-02
2.668861e-02
2.437467e-01
000000
1.761508e-01
7.820965e-02
000000
1.052296e-01
9.824930e-02
5.841542e-02
000000
1.056052e-01
3.297150e-02
2.028815e-02
000000
1.234941e-01
1.872847e-01
2.525512e-02
1.133418e-01
9.308942e-02
000000
4.440996e-02
1.726765e-01
1.364347e-01
1.798866e-01
8.899734e-02
3.689273e-01
1.500825e-01
2.601817e-01
000000
000000
8.495461e-02
1.154907e-01
6.465633e-02
1.799488e-01
1.424689e-01
6.560963e-02
000000
5.471264e-02
000000
9.400573e-02
000000
1.335369e-01
5.798767e-02
1.560315e-01
000000
4.834616e-01
1.211075e-01
4.792676e-02
000000
3.360574e-01
3.020927e-02
7.099866e-03
3.734192e-02
2.112841e-01
1.281198e-01
000000
000000
000000
8.221912e-02
000000
8.991426e-02
8.582583e-02
1.870362e-01
000000
3.790457e-02
2.926979e-01
5.718455e-02
1.525358e-01
000000
3.322090e-01
000000
9.064651e-02
6.667546e-02
000000
1.322439e-01
7.919458e-02
000000
7.128001e-01
8.012089e-02
1.192062e-02
1.314479e-01
1.169059e-01
