6.414305e-02
8.761422e-02
1.013329e-01
000000
000000
000000
2.367705e-01
000000
2.668729e-01
3.124805e-02
1.448034e-02
7.572629e-02
000000
000000
1.107814e-01
000000
3.325852e-01
6.422381e-02
000000
5.032063e-02
000000
000000
9.742443e-02
3.964087e-02
1.806947e-01
2.002758e-01
2.554678e-02
1.057512e-01
1.232895e-01
3.655668e-02
4.516198e-02
8.696706e-02
1.500446e-01
1.030986e-01
6.351774e-02
000000
1.572231e-01
3.008569e-02
2.200077e-01
7.565360e-02
5.139591e-02
1.630132e-01
6.444165e-02
3.118563e-01
1.697944e-01
8.872344e-02
7.358183e-02
1.102327e-02
5.853946e-02
1.900684e-03
000000
4.066926e-02
1.067219e-01
2.376007e-02
7.451867e-02
3.499136e-03
000000
000000
2.116908e-01
3.290348e-02
9.566377e-02
5.749718e-02
000000
000000
1.965387e-01
2.219665e-02
3.404889e-01
000000
000000
9.635474e-02
1.299614e-01
000000
1.204881e-01
4.210649e-01
1.610527e-01
1.523643e-01
1.308962e-02
1.360266e-01
2.539259e-01
8.449296e-02
9.980975e-02
4.848686e-02
5.308024e-02
2.418028e-01
000000
9.910094e-02
000000
000000
1.407828e-01
000000
8.600100e-02
3.302250e-01
1.153593e-01
2.932483e-01
2.761498e-02
2.043841e-01
6.340511e-02
7.506843e-02
1.850183e-01
4.147304e-02
