2.535888e-02
9.818835e-02
000000
000000
000000
2.559002e-02
9.803780e-02
1.959252e-02
2.882227e-01
4.629341e-02
4.947450e-02
6.568097e-02
2.232396e-02
000000
000000
000000
3.190103e-01
2.523078e-02
4.351808e-02
5.688419e-02
000000
4.972683e-01
1.567924e-01
000000
1.721914e-01
1.507959e-01
6.029040e-02
000000
1.629929e-01
6.854378e-02
2.709719e-01
000000
1.373289e-01
1.292958e-01
1.922247e-02
6.910873e-02
1.686873e-01
000000
1.939051e-01
8.129939e-02
2.092548e-01
1.558635e-01
8.272915e-02
2.809087e-01
1.889103e-01
6.824880e-02
000000
000000
8.000392e-02
1.748629e-01
6.290886e-02
6.100388e-02
1.829518e-01
3.009609e-02
000000
6.998271e-03
000000
9.393298e-02
000000
1.776788e-01
5.019980e-02
8.025649e-02
000000
4.170782e-01
1.753730e-01
1.479776e-02
000000
1.351340e-01
2.184353e-02
5.667926e-03
5.599962e-02
1.137461e-01
1.159414e-01
000000
000000
000000
6.981133e-02
2.267109e-03
3.361495e-01
1.971502e-02
1.279612e-01
000000
3.184814e-02
2.170025e-01
1.654658e-01
8.623069e-02
000000
8.318953e-02
000000
3.487309e-02
7.100082e-02
000000
1.162821e-01
1.861894e-01
000000
2.136743e-01
2.888455e-01
3.085004e-03
2.011069e-01
3.970823e-02
