1.939208e-02
1.072519e-01
000000
000000
000000
2.985502e-02
1.239346e-01
1.795981e-02
2.455230e-01
4.050674e-02
5.188790e-02
5.331749e-02
8.929583e-03
000000
000000
000000
3.156166e-01
3.211190e-02
4.455422e-02
5.980132e-02
000000
4.972683e-01
1.735373e-01
000000
1.785689e-01
1.484397e-01
6.539975e-02
000000
1.734412e-01
7.768295e-02
2.000031e-01
000000
1.386005e-01
1.183099e-01
1.671520e-02
7.678747e-02
1.604986e-01
000000
2.796708e-01
8.355771e-02
2.367883e-01
1.801725e-01
8.272915e-02
2.928117e-01
1.844124e-01
9.652330e-02
000000
000000
6.439340e-02
1.919691e-01
7.514114e-02
5.874448e-02
1.926538e-01
2.772008e-02
000000
3.499136e-03
000000
9.577481e-02
000000
1.579367e-01
5.588280e-02
5.390361e-02
000000
3.966332e-01
1.647902e-01
1.479776e-02
000000
1.535017e-01
2.856461e-02
4.250944e-03
7.290516e-02
1.013051e-01
1.193514e-01
000000
000000
000000
6.399372e-02
000000
3.482412e-01
1.877621e-02
1.271081e-01
000000
5.414184e-02
2.149359e-01
1.705571e-01
7.336044e-02
000000
9.358822e-02
000000
4.446319e-02
7.700089e-02
000000
1.190508e-01
2.839389e-01
000000
2.028357e-01
2.606654e-01
2.056669e-03
2.429371e-01
4.147304e-02
