1.223193e-01
1.571014e-01
5.462476e-02
000000
4.159730e-03
1.350584e-01
000000
1.469439e-02
1.761361e-01
3.703473e-02
9.170884e-02
7.263542e-02
5.953055e-02
000000
2.908013e-01
2.192918e-02
1.425365e-01
1.299768e-02
9.221688e-02
1.385640e-02
000000
5.234403e-01
2.268163e-01
4.530385e-03
1.339266e-01
2.426872e-01
8.890279e-02
000000
1.504550e-01
000000
3.096822e-01
000000
1.233417e-01
5.577465e-02
7.939718e-02
1.702122e-01
1.539476e-01
000000
2.684840e-01
3.274559e-02
1.413388e-01
3.288862e-02
1.323666e-01
9.998447e-02
1.630476e-01
5.362406e-02
000000
000000
9.854142e-02
3.155135e-01
1.048481e-01
6.702896e-02
2.065138e-01
1.821605e-02
1.098170e-01
1.487133e-02
2.447265e-02
1.473459e-01
2.506865e-01
3.125831e-01
000000
3.473788e-02
7.602346e-02
3.189422e-01
9.826936e-02
5.919106e-02
000000
7.609486e-02
000000
9.068681e-02
6.233920e-02
1.812828e-01
5.683401e-02
000000
2.137046e-01
000000
6.181211e-02
000000
1.451005e-01
000000
7.677673e-02
000000
3.609456e-02
2.356028e-01
3.003841e-01
1.196933e-01
000000
3.565266e-02
2.876208e-02
1.656472e-02
3.900045e-02
000000
1.236651e-01
4.840925e-01
1.534166e-03
1.455463e-01
1.197652e-01
000000
2.252397e-01
2.647215e-02
