5.848675e-02
1.054289e-01
1.013128e-01
9.451232e-02
000000
4.980340e-02
000000
3.788396e-02
000000
000000
2.703191e-02
000000
3.004446e-02
1.251557e-01
9.753686e-02
2.700203e-02
2.248223e-01
3.572138e-02
000000
1.010047e+00
1.171179e-02
4.667741e-02
000000
3.734792e-01
3.569219e-03
4.229190e-02
5.001829e-03
1.951683e-02
7.145555e-03
000000
5.554963e-02
1.326940e-01
000000
1.178639e-01
9.978218e-02
5.925054e-01
3.822932e-02
000000
2.934645e-01
2.559455e-02
8.966248e-02
1.984388e-01
3.864489e-02
000000
6.829135e-02
8.791814e-03
2.057338e-03
1.504708e-02
3.051899e-02
3.486691e-02
4.620808e-02
1.213859e-01
000000
3.703484e-02
000000
000000
000000
5.086470e-02
6.988959e-02
1.171386e-01
2.201125e-01
000000
5.347514e-03
1.085376e-01
3.655511e-01
9.221399e-02
4.579629e-03
2.900823e-02
2.566686e-02
3.948096e-02
000000
1.173273e-01
000000
5.699743e-02
1.056759e-01
1.558279e-01
1.028446e-01
5.272611e-02
6.155718e-02
000000
000000
1.027571e-02
000000
8.056129e-02
6.055047e-02
000000
000000
3.257184e-01
1.971343e-02
2.086602e-02
000000
000000
5.239806e-02
000000
2.637942e-02
1.533985e-02
2.534420e-01
4.153985e-02
5.220892e-02
1.290169e-02
2.104687e-02
8.005440e-02
1.963397e-02
000000
9.567685e-02
7.643096e-02
1.923844e-01
1.825348e-02
9.749786e-02
000000
5.834633e-02
7.531615e-02
1.515848e-01
7.246671e-03
1.014457e-01
1.336587e-01
2.238082e-01
7.495807e-02
3.209913e-02
4.635164e-02
2.063486e-02
1.670236e-02
000000
1.565647e-01
3.976556e-02
2.849113e-02
3.885208e-02
3.275327e-02
2.964780e-02
3.892584e-01
1.594462e-01
1.402059e-01
3.881171e-02
000000
3.797948e-02
4.488416e-02
000000
000000
7.028473e-03
6.173302e-02
5.469333e-02
000000
3.078136e-01
1.085315e-01
4.391560e-03
4.829519e-02
2.172598e-02
000000
7.280274e-02
1.190669e-01
1.185995e-01
000000
2.862668e-01
5.806167e-02
9.535718e-02
000000
000000
1.439258e-02
1.544941e-02
1.554530e-01
5.324062e-02
000000
3.264995e-02
2.709933e-03
4.104428e-02
5.281009e-02
4.667064e-02
000000
000000
4.274870e-02
000000
8.079540e-02
000000
000000
7.262285e-02
2.208421e-02
8.914927e-02
2.388609e-01
8.615241e-02
000000
000000
9.331575e-02
2.873347e-01
000000
3.572972e-01
000000
1.510403e-02
1.468494e-01
1.327221e-01
2.391788e-03
1.508128e-01
000000
1.178914e-02
1.679534e-01
1.909726e-02
000000
1.428889e-02
000000
7.357380e-02
6.914644e-02
1.083564e-02
1.474576e-01
5.065413e-02
6.328703e-02
000000
2.950648e-01
7.352775e-02
1.219243e-01
9.203606e-02
1.670332e-03
3.514695e-02
000000
2.767814e-02
1.153199e-01
1.012075e-02
1.644421e-03
2.928534e-02
5.137329e-02
5.432351e-03
3.264377e-02
1.349046e-01
3.959305e-02
3.745245e-01
1.588582e-01
3.665036e-02
1.171479e-02
000000
4.046958e-02
2.628087e-02
1.210141e-01
000000
3.731936e-03
5.147710e-01
2.182895e-01
4.992882e-02
5.552067e-02
2.591348e-02
1.658995e-01
1.081768e-01
1.159953e-01
000000
1.105177e-01
1.707854e-01
3.054057e-02
3.931871e-01
4.766396e-02
7.544888e-02
4.440669e-02
5.858068e-03
2.642816e-02
8.160802e-02
8.516422e-03
5.268825e-02
3.727769e-02
1.050221e-01
6.095998e-02
000000
8.821912e-02
2.903522e-02
7.805969e-02
4.097391e-02
2.787637e-02
3.046520e-02
4.357756e-02
6.541591e-02
2.046821e-02
2.592953e-02
000000
7.638577e-02
1.116761e-01
5.741321e-02
6.310398e-02
2.261731e-02
1.687942e-01
9.376601e-02
1.279946e-01
1.704175e-01
000000
1.012839e-02
1.672759e-02
2.503056e-01
000000
1.773833e-01
9.173078e-03
000000
7.315920e-02
000000
4.234695e-02
1.943226e-02
000000
3.063662e-01
000000
000000
4.659105e-03
2.487211e-02
1.878134e-03
5.097017e-02
000000
000000
2.892416e-01
000000
000000
3.291101e-01
7.147430e-02
000000
000000
4.440323e-03
000000
2.945259e-02
1.003021e-01
000000
7.267598e-02
4.974007e-02
8.807284e-03
000000
000000
000000
5.189318e-01
2.237550e-02
000000
000000
5.611296e-02
000000
2.398605e-03
1.532024e-01
2.276386e-03
2.346710e-02
4.697218e-02
2.677332e-02
000000
1.517352e-02
3.677276e-02
6.247432e-02
3.803643e-02
000000
2.720547e-01
6.115742e-02
8.210616e-02
1.124226e-01
000000
000000
2.485380e-02
000000
8.443389e-02
7.092457e-02
2.307825e-02
6.252276e-02
4.250831e-01
000000
1.444072e-01
8.745825e-02
000000
9.799062e-02
6.957586e-02
1.361903e-03
2.590519e-02
000000
2.013659e-01
000000
000000
1.752137e-02
4.951524e-01
7.148019e-02
1.809097e-02
000000
6.091903e-02
5.405774e-02
3.414299e-02
000000
000000
9.521146e-02
1.090206e-01
4.259718e-02
2.385652e-01
000000
2.277441e-02
7.604345e-02
2.778403e-02
000000
1.169630e-02
3.898273e-02
5.864922e-02
7.277556e-03
7.526081e-02
7.051331e-02
1.345533e-02
9.405728e-02
7.919079e-02
2.813139e-02
1.967895e-01
000000
3.031798e-03
000000
000000
4.417075e-02
2.999951e-02
9.858077e-02
000000
6.146219e-02
5.418501e-02
1.010970e-01
000000
000000
3.246012e-02
8.283593e-02
4.816308e-03
4.177536e-03
2.479982e-01
000000
000000
000000
000000
3.622589e-02
2.751144e-02
1.284155e-01
6.417203e-02
4.022179e-02
1.974442e-01
000000
5.608819e-02
3.549185e-02
4.522807e-02
3.850429e-03
000000
6.318824e-02
6.404989e-02
000000
1.205980e-02
5.416783e-02
1.426254e-01
7.670500e-03
000000
3.887617e-02
2.434099e-02
000000
000000
3.023280e-02
1.305141e-02
1.180335e-01
8.710621e-02
000000
8.500450e-02
8.908587e-02
3.776664e-02
2.439045e-02
000000
000000
4.796474e-02
4.040806e-02
2.712827e-01
8.394507e-02
000000
4.620454e-02
000000
2.789697e-01
000000
000000
000000
1.336969e-01
3.699452e-02
2.035348e-02
1.223181e-01
2.489415e-02
2.731139e-02
000000
6.163458e-02
1.361648e-01
1.589374e-01
1.102059e-01
000000
6.820919e-02
000000
4.250382e-01
2.125408e-01
7.109841e-02
1.672791e-01
000000
6.728601e-02
9.726190e-02
3.283374e-02
1.831986e-01
1.181193e-01
4.381068e-02
1.112390e-02
3.151242e-02
3.966766e-02
3.566298e-02
4.746137e-02
1.631275e-01
000000
5.598796e-01
1.791278e-01
000000
4.947073e-02
000000
000000
1.743950e-01
1.787931e-02
5.001760e-02
000000
000000
1.275386e-01
4.526718e-03
2.983007e-02
2.003756e-01
000000
8.030130e-02
1.105235e-01
000000
7.044151e-02
000000
3.424140e-02
000000
1.719206e-01
4.093797e-02
2.166702e-01
3.082949e-01
3.087389e-02
000000
3.271785e-02
9.388372e-02
5.297371e-02
4.681055e-02
1.934497e-02
1.507179e-01
6.889196e-02
3.673491e-01
4.699118e-02
6.136264e-02
2.561053e-02
000000
1.542966e-02
2.034659e-02
6.885356e-02
8.435292e-02
9.004712e-02
8.037786e-02
5.989790e-02
000000
2.446784e-01
000000
1.829050e-02
1.044621e-01
000000
3.641141e-03
7.363374e-02
6.399472e-02
5.800190e-02
1.203709e-02
7.181214e-02
000000
1.141361e-01
1.133756e-01
4.028761e-02
6.733863e-02
000000
2.991851e-01
8.463199e-02
6.599135e-02
1.480102e-01
9.882635e-02
5.900735e-02
8.934206e-02
3.743917e-02
1.645726e-01
000000
7.405413e-03
2.655035e-02
2.337275e-03
5.540702e-02
1.758320e-02
1.239941e-02
5.966239e-02
1.968540e-02
8.568735e-02
000000
2.105523e-01
2.094549e-02
1.175426e-02
3.194123e-02
1.162907e-01
5.636882e-02
000000
000000
7.745164e-02
6.942382e-02
2.670751e-03
1.576684e-01
1.587623e-01
6.980286e-02
7.500687e-02
7.256637e-02
7.250980e-02
1.512201e-02
000000
1.322125e-02
000000
1.143396e-01
7.612087e-04
8.587322e-02
1.605815e-02
000000
4.098364e-02
2.872171e-02
1.930835e-02
2.710753e-01
000000
000000
3.210985e-02
1.138377e-01
9.991115e-02
000000
000000
000000
1.423231e-01
000000
1.114511e-01
000000
3.958078e-02
4.093776e-02
3.680178e-02
3.113570e-02
1.375663e-01
000000
6.979328e-02
000000
4.003770e-02
000000
000000
000000
2.055280e-02
7.126912e-02
2.447503e-02
000000
6.827516e-02
000000
8.039043e-02
1.347278e-01
000000
3.643410e-01
000000
4.081825e-02
4.368285e-02
9.152319e-02
1.048778e-01
3.523407e-03
000000
6.489300e-03
9.124180e-02
7.604062e-02
1.150702e-01
6.782338e-02
6.383151e-03
000000
000000
2.466767e-01
1.211400e-01
000000
1.616537e-01
1.350119e-01
000000
8.707064e-02
1.047710e-01
8.442076e-02
2.212214e-03
7.052835e-02
8.397247e-02
1.198290e-01
2.874025e-02
3.179213e-02
000000
000000
3.890859e-02
8.712755e-03
000000
1.788912e-01
1.511233e-02
6.576491e-02
2.207780e-01
2.128950e-02
000000
3.561709e-01
1.118957e-01
3.762365e-02
4.710559e-03
7.831130e-03
8.719565e-02
6.804762e-02
4.211180e-02
5.121772e-02
000000
1.413263e-02
5.236923e-02
7.303353e-02
6.731131e-02
8.406188e-02
000000
000000
3.260610e-01
1.524227e-03
1.796763e-01
6.173734e-02
000000
1.129325e-01
000000
1.690734e-02
3.100416e-02
000000
4.580377e-02
1.036507e-02
4.861803e-02
000000
1.875728e-01
4.095900e-02
000000
1.410347e-01
3.728763e-02
6.499895e-03
4.282838e-01
3.054045e-02
1.817941e-03
2.688556e-02
5.130871e-02
8.361356e-02
000000
000000
2.288844e-01
2.116338e-02
3.654045e-02
8.305541e-02
1.832739e-01
8.252752e-02
3.504692e-02
4.184497e-02
8.210572e-02
7.097187e-02
1.808868e-02
2.213428e-02
000000
8.116025e-02
000000
6.351472e-02
1.180413e-02
5.189376e-02
1.195899e-01
9.725478e-02
6.708422e-02
9.415511e-02
000000
1.535365e-01
3.798799e-01
9.403170e-02
6.065823e-02
2.536724e-02
5.057346e-02
1.288787e-01
000000
8.275944e-03
9.066059e-02
2.544892e-02
1.847067e-02
9.083310e-02
1.688943e-01
2.652190e-02
4.204868e-01
4.525919e-02
000000
3.500582e-02
4.167674e-02
2.902204e-01
3.764611e-02
1.067174e-01
1.005533e-01
2.321322e-02
000000
000000
3.327961e-02
7.069543e-02
1.408321e-01
1.740658e-02
7.368527e-02
6.685426e-02
1.497241e-01
2.882183e-03
3.286176e-01
1.222860e-01
8.278983e-03
6.795763e-02
1.009320e-01
4.504914e-02
1.332619e-01
1.443812e-02
1.567705e-03
1.794496e-02
3.222780e-02
1.790544e-02
6.021344e-02
1.049091e-01
1.632934e-01
9.418219e-02
000000
000000
7.269639e-03
9.842664e-02
1.710939e-01
4.412635e-02
6.487495e-02
000000
1.202663e-01
000000
3.342737e-01
000000
2.581976e-02
1.125225e-01
000000
000000
000000
3.388449e-02
2.904755e-02
000000
3.136507e-02
2.585085e-02
3.148282e-02
1.605399e-01
1.187691e-01
1.450393e-02
3.329837e-02
1.340968e-01
000000
3.550090e-02
6.912447e-02
000000
1.132829e-02
2.681918e-02
5.811679e-02
000000
2.544982e-02
1.189266e-01
1.291244e-02
1.779058e-02
2.167318e-02
4.915666e-01
000000
000000
8.669783e-03
5.404967e-02
6.306855e-02
8.159219e-02
1.221006e-01
1.184614e-01
7.810021e-02
4.010474e-02
000000
000000
000000
1.720972e-01
7.381045e-02
000000
4.814341e-02
4.586666e-02
3.594857e-02
6.619606e-02
2.616380e-01
4.723013e-02
3.322122e-02
1.614944e-02
4.902474e-02
3.497759e-02
9.105089e-02
1.168802e-01
1.003613e-01
2.292857e-01
9.003220e-02
6.422770e-02
4.903947e-02
9.941648e-02
4.794254e-02
6.494820e-02
1.023424e-01
2.836917e-02
1.201712e-01
3.549762e-01
1.664544e-01
000000
3.323783e-01
3.218375e-02
000000
5.080773e-02
4.614172e-01
4.880466e-02
000000
2.454938e-01
8.376244e-02
4.840241e-02
000000
3.307260e-02
5.010264e-02
3.871770e-02
1.687005e-01
1.863649e-02
4.308313e-02
1.920558e-01
3.916248e-02
3.470835e-02
2.182276e-02
3.803205e-01
5.794564e-02
1.113248e-01
2.401665e-01
3.822979e-01
000000
7.385188e-02
4.173316e-02
6.111515e-02
2.710112e-02
8.307842e-02
5.358306e-02
000000
5.569681e-02
1.730642e-02
2.230949e-01
8.132507e-02
1.959887e-01
000000
7.860892e-03
1.443951e-01
2.428827e-02
3.294486e-03
9.741779e-03
2.689417e-03
000000
2.928135e-02
8.502890e-02
000000
8.916700e-02
000000
000000
9.020234e-02
2.946898e-02
5.514179e-02
6.762958e-02
7.756095e-02
000000
5.731265e-02
3.660508e-02
7.403428e-02
000000
2.159568e-01
000000
9.555269e-02
000000
000000
1.297692e-02
4.752062e-02
000000
2.257389e-01
1.648369e-01
5.928869e-02
1.138335e-01
000000
2.206674e-02
1.006318e-01
2.165727e-01
1.876230e-02
1.335002e-01
7.178207e-02
8.661976e-02
000000
5.788151e-02
6.826827e-02
5.087278e-02
7.376794e-02
1.277319e-01
000000
3.835276e-02
2.078614e-01
7.512078e-02
1.188331e-01
000000
1.072698e-01
3.793250e-01
000000
000000
6.506080e-02
3.238216e-02
9.244110e-02
1.121878e-01
1.989117e-01
000000
1.344031e-01
3.752560e-02
2.077883e-01
000000
000000
6.746181e-02
3.962949e-02
7.649653e-02
3.277050e-02
000000
4.985270e-03
