6.767753e-02
1.075516e-01
1.060250e-01
8.218463e-02
000000
5.327806e-02
000000
3.367464e-02
7.169750e-02
000000
1.605020e-02
000000
2.311112e-02
1.385652e-01
1.085628e-01
7.088033e-02
2.350998e-01
2.357611e-02
000000
7.983603e-01
2.007736e-02
6.621680e-02
000000
2.716213e-01
8.923049e-04
4.391851e-02
1.000366e-03
2.342019e-02
3.572777e-03
000000
5.040615e-02
1.731341e-01
000000
7.706483e-02
7.777141e-02
1.256830e-01
2.825645e-02
000000
1.614055e-01
5.246883e-02
9.270188e-02
2.319104e-01
4.032510e-02
000000
4.759700e-02
1.004779e-02
5.143344e-03
2.925822e-02
3.453464e-02
3.486691e-02
9.241616e-02
1.440172e-01
000000
2.505298e-02
000000
000000
000000
4.238725e-02
6.621119e-02
1.034724e-01
2.296826e-01
000000
6.238766e-03
1.225726e-01
4.142912e-01
1.024600e-01
4.579629e-03
2.762689e-02
4.529446e-02
3.438664e-02
000000
8.799547e-02
000000
5.099770e-02
1.243246e-01
6.374776e-02
1.080388e-01
4.422190e-02
5.731186e-02
000000
000000
3.425237e-03
000000
3.182668e-02
3.922988e-02
000000
000000
1.583353e-01
2.602173e-02
4.354649e-02
000000
000000
6.724418e-02
000000
1.918503e-02
2.075392e-02
2.775793e-01
5.497921e-02
5.461856e-02
1.612712e-02
4.988887e-02
5.822139e-02
2.356076e-02
000000
7.612997e-02
8.000250e-02
1.553874e-01
2.346876e-02
1.066383e-01
000000
1.166927e-01
8.867869e-02
2.283365e-01
1.046741e-02
1.005558e-01
1.475815e-01
1.518698e-01
6.793075e-02
6.649106e-02
4.709925e-02
1.452083e-02
1.391864e-02
000000
1.789311e-01
3.130480e-02
1.036041e-02
4.273729e-02
2.958360e-02
2.028534e-02
3.491877e-01
1.581907e-01
1.626389e-01
3.284068e-02
000000
3.574540e-02
3.590733e-02
000000
000000
1.204881e-02
4.548749e-02
5.651644e-02
000000
3.186521e-01
9.782115e-02
8.783120e-03
6.872777e-02
2.811597e-02
000000
9.100342e-02
1.190669e-01
7.532673e-02
000000
2.617296e-01
6.804102e-02
7.129509e-02
000000
000000
1.349305e-02
9.831442e-03
1.423425e-01
4.513879e-02
000000
3.264995e-02
1.083973e-02
4.104428e-02
4.903794e-02
2.969950e-02
000000
000000
4.595486e-02
000000
8.079540e-02
000000
000000
6.464232e-02
2.557119e-02
1.010358e-01
2.105215e-01
6.757051e-02
000000
6.302721e-03
2.455678e-02
3.162748e-01
000000
3.190153e-01
000000
1.227203e-02
1.283150e-01
1.261948e-01
7.175364e-03
1.072447e-01
2.403318e-03
9.169328e-03
1.679534e-01
1.636908e-02
000000
5.715554e-03
000000
5.708312e-02
5.708602e-02
1.489900e-02
1.144067e-01
7.161445e-02
1.898611e-02
000000
2.400154e-01
3.812550e-02
2.383066e-01
7.927858e-02
8.351660e-03
5.168670e-02
000000
3.613535e-02
4.835996e-02
1.315697e-02
2.466632e-03
1.084642e-02
4.346971e-02
3.802646e-02
2.448283e-02
1.607767e-01
4.327613e-02
3.417536e-01
1.526690e-01
4.340174e-02
2.175604e-02
000000
5.150673e-02
1.752058e-02
7.843504e-02
000000
2.798952e-03
6.216102e-01
2.576532e-01
4.800848e-02
7.352737e-02
4.475964e-02
1.469396e-01
2.403929e-01
9.645928e-02
000000
2.299963e-01
1.601113e-01
3.331699e-02
3.523846e-01
6.932939e-02
1.257481e-01
5.024967e-02
1.025162e-02
3.277091e-02
6.486791e-02
2.554927e-03
4.215060e-02
5.281006e-02
9.073339e-02
7.700209e-02
000000
7.452994e-02
4.894508e-02
5.911316e-02
3.679289e-02
3.197583e-02
3.655825e-02
3.169277e-02
4.070323e-02
2.501670e-02
8.368166e-02
000000
8.911673e-02
1.515604e-01
6.804529e-02
2.454044e-02
2.261731e-02
1.687942e-01
1.432829e-01
1.669495e-01
1.733557e-01
000000
1.657373e-02
4.460692e-02
1.659921e-01
000000
6.651872e-02
1.651154e-02
000000
9.037313e-02
000000
3.607333e-02
1.068774e-02
1.131349e-03
5.068281e-01
000000
000000
2.329552e-03
3.259104e-02
1.878134e-03
5.097017e-02
2.623903e-03
000000
1.064191e-01
000000
000000
2.310773e-01
6.736658e-02
000000
000000
4.440323e-03
000000
1.935456e-02
3.385194e-01
000000
5.102781e-02
5.356623e-02
1.056874e-02
000000
000000
000000
3.302294e-01
2.983400e-02
000000
000000
5.435943e-02
000000
5.996513e-03
2.533732e-01
2.276386e-03
2.053372e-02
3.086744e-02
2.528591e-02
000000
8.851221e-03
3.249686e-02
5.379733e-02
3.203067e-02
000000
3.029700e-01
5.413935e-02
6.659722e-02
9.271969e-02
000000
000000
1.491228e-02
000000
8.101090e-02
7.737226e-02
2.948888e-02
7.706294e-02
5.968338e-01
000000
1.048436e-01
6.828932e-02
000000
1.399866e-01
8.503717e-02
4.085710e-03
4.190545e-02
000000
1.887805e-01
000000
000000
1.576923e-02
5.359897e-01
6.598172e-02
1.469891e-02
000000
6.091903e-02
5.912566e-02
2.363745e-02
000000
000000
1.102448e-01
7.631442e-02
2.586257e-02
2.823021e-01
000000
2.277441e-02
8.246966e-02
3.704537e-02
000000
1.559507e-02
5.677920e-02
8.969881e-02
1.091633e-02
9.287504e-02
5.540331e-02
1.729971e-02
6.477530e-02
9.092276e-02
3.438281e-02
1.412848e-01
000000
000000
000000
000000
5.797411e-02
4.874921e-02
1.085217e-01
000000
7.755943e-02
9.055578e-02
1.257548e-01
000000
000000
3.014154e-02
8.790752e-02
5.619026e-03
5.013044e-03
2.834265e-01
000000
000000
000000
000000
3.770450e-02
1.794225e-02
1.150156e-01
4.436585e-02
5.236422e-02
3.133353e-01
000000
5.160114e-02
5.442083e-02
3.635982e-02
3.850429e-03
000000
8.764820e-02
6.587988e-02
000000
9.647842e-03
5.576100e-02
8.082106e-02
7.670500e-03
000000
6.166564e-02
2.129837e-02
000000
000000
3.325608e-02
1.305141e-02
1.609548e-01
8.517051e-02
000000
7.878466e-02
1.336288e-01
3.776664e-02
3.048806e-02
000000
000000
5.710089e-02
3.379583e-02
1.162640e-01
6.925468e-02
000000
3.017439e-02
000000
3.544556e-01
000000
000000
000000
9.818366e-02
4.069398e-02
1.130749e-02
1.245421e-01
5.756771e-02
2.882868e-02
000000
5.706906e-02
1.341017e-01
2.266329e-01
1.167994e-01
000000
6.238645e-02
000000
3.195776e-01
1.550974e-01
6.268892e-02
1.312823e-01
000000
8.117043e-02
9.726190e-02
4.377832e-02
1.761525e-01
1.706168e-01
2.628641e-02
1.197958e-02
5.817678e-02
5.133462e-02
3.566298e-02
4.181121e-02
1.840078e-01
000000
7.747172e-01
1.354381e-01
000000
1.164017e-01
000000
000000
1.709071e-01
2.085920e-02
4.679066e-02
000000
000000
1.502121e-01
2.716031e-03
5.966014e-03
2.912436e-01
000000
1.927231e-01
1.497415e-01
000000
8.324906e-02
000000
4.298388e-02
000000
1.057973e-01
2.889739e-02
2.383372e-01
2.374704e-01
1.543695e-02
000000
2.206553e-02
9.635435e-02
4.689476e-02
1.927493e-02
1.934497e-02
2.737529e-01
6.643153e-02
2.829010e-01
6.918145e-02
8.496366e-02
4.207443e-02
000000
1.114364e-02
2.034659e-02
5.709807e-02
9.110115e-02
8.170942e-02
7.683177e-02
5.630402e-02
000000
1.931671e-01
000000
2.011955e-02
1.325865e-01
000000
4.551426e-03
6.619599e-02
1.091675e-01
6.253330e-02
9.362180e-03
7.719806e-02
000000
1.586770e-01
7.849078e-02
6.446017e-02
6.205717e-02
000000
4.198242e-01
8.340544e-02
7.293780e-02
2.092558e-01
5.619537e-02
9.913234e-02
8.338592e-02
2.327300e-02
1.175519e-01
000000
1.316518e-02
1.093250e-02
3.895458e-03
4.063181e-02
9.590836e-03
2.169898e-02
5.966239e-02
3.211829e-02
6.883082e-02
000000
2.222496e-01
2.234185e-02
9.041735e-03
3.614403e-02
1.146174e-01
8.455323e-02
000000
000000
1.151845e-01
6.583293e-02
000000
2.124144e-01
1.397798e-01
1.015314e-01
8.108851e-02
6.816841e-02
5.105282e-02
1.512201e-02
000000
1.627231e-02
000000
1.698760e-01
7.612087e-04
9.611498e-02
2.408722e-02
000000
6.674478e-02
2.524029e-02
1.195279e-02
4.716710e-01
000000
000000
7.759880e-02
8.206903e-02
9.991115e-02
000000
000000
000000
1.301240e-01
000000
9.197422e-02
000000
5.975921e-02
3.029394e-02
2.170361e-02
3.891962e-02
1.288910e-01
000000
9.172831e-02
000000
5.186702e-02
000000
000000
000000
2.055280e-02
6.578688e-02
2.259234e-02
000000
8.534396e-02
000000
1.004880e-01
1.376356e-01
000000
4.580287e-01
000000
4.677091e-02
4.368285e-02
6.307679e-02
1.191793e-01
8.808517e-04
000000
7.787160e-03
3.475878e-02
1.662283e-01
1.106444e-01
8.299439e-02
1.702174e-02
000000
000000
3.636900e-01
1.514250e-01
1.273737e-02
1.855043e-01
1.729100e-01
000000
4.875956e-02
9.090423e-02
7.336566e-02
1.327328e-02
8.737094e-02
8.261808e-02
1.113305e-01
3.512698e-02
2.167645e-02
000000
000000
5.187812e-02
1.415823e-02
000000
1.185551e-01
1.175403e-02
1.016367e-01
1.854535e-01
2.433086e-02
000000
1.676099e-01
1.001172e-01
3.866875e-02
4.710559e-03
4.350628e-03
8.228322e-02
9.073016e-02
4.042733e-02
6.760739e-02
000000
1.854907e-02
1.140901e-01
5.754157e-02
3.141194e-02
4.967293e-02
000000
000000
3.183889e-01
3.048454e-03
2.039023e-01
6.402391e-02
000000
9.068823e-02
000000
1.245804e-02
3.170880e-02
000000
8.179244e-02
1.140157e-02
6.202990e-02
000000
9.702043e-02
4.095900e-02
000000
1.410347e-01
3.728763e-02
1.462476e-02
2.312207e-01
1.527022e-02
1.817941e-03
1.955314e-02
5.277467e-02
6.193597e-02
000000
000000
2.969311e-01
2.645423e-02
3.903185e-02
8.520340e-02
1.221826e-01
5.501835e-02
4.005362e-02
6.416228e-02
7.924157e-02
5.304214e-02
1.315541e-02
1.911597e-02
000000
3.091819e-02
000000
4.578968e-02
1.534537e-02
5.838048e-02
1.127169e-01
1.008238e-01
9.076100e-02
1.135400e-01
000000
2.036708e-01
5.282705e-01
1.189224e-01
6.544704e-02
3.133600e-02
5.373430e-02
1.436077e-01
000000
9.310437e-03
6.593498e-02
2.891923e-02
2.462756e-02
1.321209e-01
1.872082e-01
2.652190e-02
3.234514e-01
5.612140e-02
000000
3.241279e-02
4.514980e-02
3.836246e-01
2.928030e-02
1.211876e-01
1.637582e-01
2.652940e-02
9.388012e-04
000000
7.844479e-02
4.963722e-02
7.900336e-02
1.740658e-02
7.368527e-02
4.261041e-02
2.374933e-01
2.882183e-03
3.098395e-01
1.149489e-01
1.128952e-02
4.432019e-02
1.160717e-01
2.718483e-02
1.286666e-01
2.598861e-02
1.567705e-03
2.120768e-02
3.959416e-02
3.159784e-02
2.771730e-02
1.303416e-01
1.794432e-01
8.005486e-02
000000
000000
5.452229e-03
9.702054e-02
9.885423e-02
3.861056e-02
5.500268e-02
000000
5.386928e-02
000000
1.714969e-01
000000
2.717869e-02
1.201945e-01
000000
000000
000000
3.801674e-02
3.703563e-02
000000
3.136507e-02
7.108983e-02
3.554511e-02
2.128087e-01
1.187691e-01
1.772702e-02
2.648734e-02
1.117473e-01
000000
3.880331e-02
5.686045e-02
000000
1.618327e-02
2.844459e-02
4.449567e-02
000000
2.363197e-02
1.306243e-01
1.986530e-02
2.202643e-02
2.528537e-02
3.615655e-01
000000
000000
3.467913e-02
9.225720e-02
7.277141e-02
1.923245e-01
1.192611e-01
9.076913e-02
1.117434e-01
4.793005e-02
000000
000000
000000
1.539817e-01
5.595308e-02
000000
3.922797e-02
3.057778e-02
3.415114e-02
5.382976e-02
2.349403e-01
5.821388e-02
3.322122e-02
1.027692e-02
4.446430e-02
3.497759e-02
1.109683e-01
8.541243e-02
8.436167e-02
8.188776e-02
9.556049e-02
6.236602e-02
6.575747e-02
9.269915e-02
4.894134e-02
6.994422e-02
1.023424e-01
3.055142e-02
1.408458e-01
2.714524e-01
2.377919e-01
000000
2.437441e-01
5.609169e-02
000000
3.464163e-02
4.650793e-01
4.067055e-02
000000
2.380092e-01
1.434288e-01
4.033534e-02
000000
4.317811e-02
4.544193e-02
1.630219e-02
1.859149e-01
2.702290e-02
4.000576e-02
2.187302e-01
4.249545e-02
4.004809e-02
1.454851e-02
4.690619e-01
5.875044e-02
1.700796e-01
1.340464e-01
3.783969e-01
000000
9.181586e-02
4.249194e-02
3.783319e-02
3.613483e-02
7.905849e-02
5.613463e-02
000000
4.722121e-02
2.483096e-02
2.822834e-01
6.804751e-02
2.862058e-01
000000
1.965223e-02
1.365190e-01
3.133970e-02
8.236216e-03
9.741779e-03
1.792945e-03
000000
3.265997e-02
7.594815e-02
000000
7.430583e-02
000000
000000
7.104432e-02
2.619465e-02
4.361963e-02
6.838102e-02
8.594591e-02
000000
8.395093e-02
4.014751e-02
6.081387e-02
000000
1.963243e-01
000000
7.835321e-02
000000
000000
1.197869e-02
5.049066e-02
000000
3.413613e-01
1.674534e-01
7.743829e-02
2.169952e-01
000000
4.814562e-02
9.533537e-02
1.518033e-01
1.563525e-02
1.315930e-01
9.366685e-02
7.957750e-02
000000
6.535010e-02
8.603673e-02
9.200396e-02
5.084974e-02
1.320375e-01
000000
4.602331e-02
2.006938e-01
6.818655e-02
8.014326e-02
000000
1.430264e-01
1.801794e-01
000000
000000
5.119538e-02
2.158811e-02
8.689464e-02
1.711339e-01
1.551949e-01
2.457633e-03
9.971846e-02
7.345436e-02
1.600531e-01
000000
000000
7.479462e-02
6.030575e-02
7.376451e-02
2.457788e-02
000000
2.492635e-03
