4.620417e-02
7.045676e-02
5.342021e-02
5.564519e-02
000000
3.117797e-02
000000
3.025268e-02
5.324915e-02
000000
3.097973e-02
000000
1.108253e-01
5.594970e-02
3.629617e-02
2.941950e-02
1.210267e-01
3.216223e-02
000000
4.083433e-01
1.647655e-02
7.576246e-02
000000
2.677684e-01
2.788879e-03
3.192169e-02
000000
2.473787e-02
1.231344e-02
000000
1.215581e-02
1.181610e-01
000000
6.466598e-02
4.279742e-02
7.883435e-01
4.115593e-02
000000
1.454864e-01
2.486006e-02
1.021479e-01
2.336575e-01
5.323881e-02
000000
2.930487e-02
3.368877e-02
4.251832e-03
1.798987e-02
3.399071e-02
4.548675e-02
3.764784e-02
1.270079e-01
000000
1.613826e-02
000000
000000
000000
5.356359e-02
7.163585e-02
1.033925e-01
3.584418e-01
000000
4.963458e-03
8.338933e-02
6.335921e-01
5.797698e-02
5.402758e-03
3.533815e-02
2.996411e-02
2.785768e-02
000000
1.166071e-01
000000
6.965755e-02
4.928272e-02
1.487645e-01
4.228772e-02
4.782598e-02
4.613414e-02
000000
000000
3.427762e-03
000000
7.787831e-02
6.504372e-02
000000
000000
2.137595e-01
1.424864e-02
2.159699e-02
000000
000000
3.240811e-02
000000
9.813434e-03
2.077287e-02
1.232946e-01
2.788461e-02
5.991507e-03
3.016228e-02
2.392754e-02
1.531314e-01
1.024825e-01
000000
1.183975e-01
8.269838e-02
1.797857e-01
3.677146e-02
8.977530e-02
000000
3.505027e-02
6.721015e-02
1.040701e-01
5.250927e-03
8.665189e-02
1.690210e-01
3.285384e-01
5.339818e-02
4.426850e-02
1.026128e-01
4.961796e-03
7.226599e-03
000000
2.091246e-01
6.832166e-02
5.593405e-02
5.230392e-02
5.156187e-02
8.892226e-03
5.184380e-01
6.763864e-02
2.255261e-01
4.115265e-02
000000
2.961453e-02
7.109269e-02
000000
000000
2.926167e-02
4.220275e-02
1.711733e-02
000000
2.536884e-01
2.484876e-02
1.395082e-02
4.708181e-02
7.928252e-02
000000
5.640676e-02
1.879617e-01
1.181353e-01
000000
8.180912e-02
2.924743e-02
9.566156e-02
000000
000000
3.521889e-02
6.994465e-03
6.220438e-02
5.731580e-02
000000
1.843886e-02
000000
4.552344e-02
5.120156e-02
1.038080e-01
000000
000000
4.906969e-02
000000
1.763233e-01
000000
000000
2.359514e-02
4.451244e-02
9.766083e-02
3.799789e-01
8.803658e-02
000000
6.566506e-03
7.121492e-02
1.005578e-01
000000
2.698218e-01
000000
2.803883e-02
2.026501e-01
1.509371e-01
3.322106e-02
9.410143e-02
1.576456e-03
3.899433e-03
2.343028e-01
2.687240e-02
000000
7.482048e-04
000000
3.097056e-02
5.876068e-02
2.202489e-02
8.219878e-02
4.882127e-02
1.788383e-01
000000
1.798603e-01
3.977125e-02
1.229278e-01
7.838889e-02
4.522459e-02
2.389260e-02
000000
2.732038e-02
1.313460e-01
1.425043e-02
000000
5.869447e-02
5.527520e-02
5.857553e-02
2.758322e-02
9.237241e-02
6.413589e-02
3.809130e-01
4.881642e-02
4.842735e-02
4.289969e-02
000000
4.592561e-02
3.588900e-02
1.281066e-01
000000
1.065110e-02
5.333590e-01
2.486698e-01
4.512797e-02
2.477866e-02
1.605820e-02
6.182364e-02
1.369735e-01
8.582556e-02
000000
1.012814e-01
2.232639e-01
2.349493e-02
3.279012e-01
1.066806e-02
9.370417e-02
7.801118e-02
1.631208e-02
4.445357e-02
1.068976e-01
1.214006e-02
7.390959e-02
4.249804e-02
7.283074e-02
9.988654e-02
000000
6.902615e-02
2.552698e-02
1.306265e-01
3.931927e-02
2.405291e-02
6.605872e-03
3.463419e-02
8.642272e-02
1.354178e-02
3.337973e-02
000000
1.461216e-01
1.414099e-01
4.793112e-02
5.028643e-02
2.934884e-02
3.407140e-01
5.390237e-02
7.451318e-02
2.704518e-01
000000
8.491196e-03
6.711127e-02
2.962258e-01
000000
1.378867e-01
3.526549e-02
000000
2.017641e-01
2.324986e-03
4.121584e-02
2.123267e-02
000000
1.180226e-01
000000
000000
1.551337e-02
7.442303e-02
2.886139e-03
7.721533e-02
8.691071e-04
000000
2.698016e-01
000000
000000
4.108596e-01
3.978174e-02
000000
000000
3.058640e-03
000000
1.814780e-02
1.855628e-01
000000
5.186433e-02
8.502788e-02
4.436535e-03
000000
000000
000000
3.910335e-01
2.209822e-01
000000
000000
8.581767e-02
000000
2.469492e-03
2.567207e-01
1.672779e-02
3.708598e-02
4.967427e-02
2.459569e-02
000000
2.134352e-02
5.348522e-02
7.826390e-02
5.204087e-02
000000
4.979044e-01
9.591760e-02
5.242783e-02
8.701734e-02
000000
000000
1.402740e-02
000000
6.406252e-02
1.587582e-01
1.816562e-02
2.285451e-01
2.315634e-01
000000
1.226744e-01
3.761889e-02
000000
1.186660e-01
7.371500e-02
1.435487e-03
2.993425e-02
000000
1.694313e-01
000000
000000
3.483664e-02
3.495484e-01
1.286351e-01
2.554031e-02
000000
6.614309e-02
7.194332e-02
1.839968e-02
000000
000000
9.572775e-02
9.350142e-02
2.062593e-02
3.864005e-01
000000
2.068331e-02
6.720405e-02
4.377264e-02
000000
1.431231e-02
4.055592e-02
3.884585e-02
7.297819e-03
9.018766e-02
7.253984e-02
1.857583e-02
5.467695e-02
1.061041e-01
1.982474e-02
3.741135e-01
000000
5.886237e-03
000000
000000
6.350304e-02
4.891144e-02
5.526749e-02
000000
7.469435e-02
4.887397e-02
6.359953e-02
000000
000000
2.414797e-02
1.100548e-01
3.277752e-03
6.590370e-03
2.471426e-01
000000
000000
000000
000000
4.240765e-02
4.983432e-02
8.699205e-02
5.432551e-02
5.173760e-02
4.526730e-01
000000
1.854055e-02
5.727047e-02
5.411021e-02
6.191107e-03
000000
9.267225e-02
9.302406e-02
000000
1.211688e-02
5.169862e-02
3.185055e-01
2.494915e-03
000000
4.378985e-02
2.405001e-02
000000
000000
6.041640e-03
1.360196e-02
1.081790e-01
1.003173e-01
000000
9.548254e-02
1.944849e-01
4.429112e-02
9.661156e-02
000000
000000
4.738344e-02
6.425247e-03
1.922918e-01
2.184943e-01
000000
3.478362e-02
000000
3.906381e-01
000000
000000
000000
7.007860e-02
3.035949e-02
3.373067e-02
1.141072e-01
7.985093e-02
5.506074e-03
000000
5.309337e-02
9.108981e-02
1.347822e-01
9.711045e-02
000000
2.959977e-02
000000
3.960885e-01
1.067662e-01
1.089816e-01
3.110474e-01
000000
4.468550e-02
9.056090e-02
1.462311e-01
1.016802e-01
1.583822e-01
5.605827e-02
2.411171e-02
4.407217e-02
8.876635e-03
4.636000e-02
4.917455e-02
2.973115e-02
000000
6.391682e-01
2.321970e-01
000000
2.731889e-02
000000
000000
2.742115e-01
1.144705e-02
4.065720e-02
000000
000000
1.541433e-01
1.189285e-02
3.861812e-02
1.886216e-01
000000
1.258885e-01
9.506578e-02
000000
6.816697e-02
000000
9.066288e-02
000000
1.741584e-01
7.808118e-02
2.460894e-01
2.501384e-01
2.290984e-02
000000
1.982106e-02
4.690546e-02
4.351009e-02
2.926806e-02
2.580518e-02
1.075085e-01
7.404600e-02
3.111416e-01
8.546825e-02
7.812994e-02
5.927617e-02
000000
7.139839e-03
3.326340e-02
3.304062e-02
2.091578e-01
1.543461e-02
1.079110e-01
4.828773e-02
000000
2.140672e-01
000000
9.252954e-03
7.753931e-02
000000
5.310169e-03
4.045947e-02
9.460022e-02
1.855353e-02
2.481278e-02
1.293840e-01
000000
7.460241e-02
9.995549e-02
4.872694e-02
6.194773e-02
000000
2.527401e-01
1.201184e-01
5.666249e-02
2.048127e-01
1.103420e-01
1.734379e-01
1.108552e-01
5.838241e-02
1.510903e-01
000000
4.199354e-03
8.311403e-03
1.788221e-02
6.880288e-02
7.715886e-03
4.578251e-02
2.836396e-02
1.976385e-02
6.381469e-02
000000
1.638060e-01
2.347951e-02
4.492323e-03
1.714292e-02
7.020761e-02
3.927395e-02
000000
000000
1.307963e-01
7.500703e-02
000000
5.449707e-02
9.147702e-02
1.261292e-01
8.409109e-02
2.717749e-02
5.909147e-02
1.359913e-02
000000
6.237335e-02
000000
1.104644e-01
5.142988e-03
5.849733e-02
2.160603e-02
000000
1.021175e-01
3.783281e-02
1.202914e-02
3.134015e-01
000000
000000
5.873998e-02
9.037081e-02
2.488258e-01
000000
000000
000000
4.595671e-02
000000
9.073124e-02
000000
3.519142e-02
4.496257e-02
3.302482e-02
4.816912e-02
6.692209e-02
000000
6.491933e-02
000000
1.550176e-01
000000
000000
000000
4.342063e-02
8.162761e-02
2.778759e-02
000000
3.995180e-02
000000
9.028584e-02
5.587624e-02
000000
5.390806e-01
000000
3.413661e-02
2.071627e-02
1.427074e-01
2.226899e-01
5.244704e-03
000000
1.661232e-02
6.644705e-02
7.635201e-02
3.768037e-02
2.959296e-02
2.991133e-02
000000
000000
3.450232e-01
1.342743e-01
2.524014e-02
5.634261e-02
8.979750e-02
000000
9.277236e-02
8.812601e-02
5.807249e-02
8.753747e-03
9.519630e-02
1.005977e-01
4.665419e-02
6.967333e-02
2.430683e-02
000000
000000
1.142207e-01
7.097393e-02
000000
1.002656e-01
5.261815e-03
9.565805e-02
2.583888e-01
1.717765e-02
000000
5.543015e-01
1.679956e-02
4.431353e-02
000000
2.079319e-02
8.620941e-02
1.856612e-01
6.175192e-02
4.214473e-02
000000
6.869044e-02
8.322283e-02
4.692737e-02
4.784850e-02
8.957956e-02
000000
000000
4.825285e-01
8.614434e-03
1.536040e-01
5.473471e-02
000000
9.683838e-02
000000
6.407883e-03
4.353002e-03
000000
1.123120e-01
5.182807e-03
5.035839e-02
000000
2.273235e-01
2.774323e-02
000000
5.852123e-02
1.277309e-02
1.148587e-02
3.247355e-01
1.858744e-02
4.392310e-03
1.273525e-02
4.766587e-02
9.057246e-02
000000
000000
1.251963e-01
2.892018e-02
5.182093e-02
2.235053e-02
3.304254e-01
6.871754e-02
4.443794e-02
2.571611e-02
6.214835e-02
4.543426e-02
4.831830e-02
5.496219e-02
000000
3.823710e-02
000000
2.527150e-02
3.132907e-02
4.570116e-02
7.343818e-02
9.059359e-02
9.425187e-02
9.426940e-02
000000
1.544313e-01
1.454931e-01
1.459807e-01
5.929999e-02
2.485354e-02
4.240092e-02
1.682549e-01
000000
2.565764e-02
1.140347e-01
3.023735e-02
3.015421e-02
1.362258e-01
9.755448e-02
2.048853e-02
8.968457e-02
5.057421e-02
000000
5.817701e-02
8.822003e-02
4.596221e-01
5.144673e-02
1.497269e-01
9.312408e-02
5.198496e-03
000000
000000
1.661477e-02
6.818362e-02
1.239290e-01
6.883996e-02
4.710452e-02
6.689294e-02
1.549128e-01
3.869141e-03
6.005142e-01
8.669940e-02
1.326753e-02
6.435307e-02
1.109773e-01
1.353324e-02
1.106974e-01
3.105415e-03
2.333651e-03
4.411479e-02
3.876709e-02
1.811182e-02
4.923120e-02
8.209970e-02
8.541455e-02
5.452947e-02
2.725590e-03
000000
3.722148e-03
5.214855e-02
1.032927e-01
1.061318e-01
1.000863e-01
000000
1.371571e-01
000000
1.795631e-01
000000
3.858150e-02
1.872165e-01
000000
000000
000000
3.073183e-02
5.868143e-02
000000
3.060538e-02
3.061632e-02
2.880838e-02
9.740438e-02
6.383967e-02
7.102208e-02
1.115733e-01
3.637679e-01
000000
1.101103e-01
3.879477e-02
000000
2.205054e-02
5.996970e-02
5.930303e-03
000000
3.563129e-02
1.293838e-01
3.176196e-02
3.108345e-02
3.758242e-02
3.435380e-01
000000
000000
5.361224e-02
2.766094e-02
9.871452e-02
2.518614e-02
3.235370e-02
8.762091e-02
1.209222e-01
6.023267e-02
000000
000000
000000
6.632997e-02
8.208515e-02
000000
3.473906e-02
7.893394e-02
1.705577e-02
3.602746e-02
1.253340e-01
3.075450e-02
7.096058e-02
1.079628e-02
6.555156e-02
3.307398e-03
4.385341e-02
8.237936e-02
8.019672e-02
2.367677e-01
9.143185e-02
1.993411e-02
8.337687e-02
1.090951e-01
3.222929e-02
4.743448e-02
1.998493e-01
2.966552e-02
7.333894e-02
3.190398e-01
1.535518e-01
000000
7.183487e-02
3.110247e-02
000000
5.949223e-02
3.371612e-01
1.193706e-01
000000
1.064779e-01
5.871557e-02
1.534112e-02
000000
8.231098e-02
8.402986e-02
5.796743e-02
1.588849e-01
2.144389e-02
2.291384e-02
2.095903e-01
6.820449e-02
9.312477e-02
1.896241e-02
2.617348e-01
5.129942e-02
2.044969e-01
2.901635e-01
2.691655e-01
000000
8.704947e-02
9.995204e-03
8.621343e-02
2.308008e-02
2.971212e-02
4.913482e-02
000000
5.847360e-02
3.425849e-02
3.009329e-01
6.408577e-02
1.809882e-01
000000
1.069558e-01
1.388297e-01
5.790945e-03
5.787063e-03
1.193130e-02
5.412037e-03
000000
1.101386e-01
8.058844e-02
000000
4.897275e-02
000000
000000
8.162630e-02
2.255406e-02
9.710067e-02
9.098937e-02
1.668608e-01
000000
6.648195e-02
6.552008e-02
1.181183e-01
000000
1.929914e-01
000000
1.027285e-01
000000
000000
8.387345e-02
7.005902e-02
000000
3.905002e-01
1.266454e-01
6.547052e-02
3.168843e-01
000000
6.348073e-03
7.174571e-02
2.784832e-01
1.238492e-02
9.889816e-02
2.850631e-02
6.633597e-02
000000
1.011311e-01
3.398792e-02
1.203171e-01
7.003753e-02
1.005854e-01
000000
3.826125e-02
1.886546e-01
2.363869e-02
1.059898e-01
000000
1.695243e-01
2.107298e-01
000000
000000
6.418946e-02
4.112296e-02
1.116444e-02
1.013727e-01
1.858681e-01
4.585599e-03
1.068091e-01
4.568199e-02
6.219737e-02
000000
000000
4.455195e-02
4.135251e-02
1.527603e-01
1.273830e-01
000000
4.072098e-02
