4.031018e-01
2.932362e-01
2.901958e-01
9.436259e-02
8.136601e-03
1.028858e-01
2.420161e-02
1.207438e-01
4.672002e-01
1.221308e-02
6.943443e-02
5.189986e-02
9.382122e-02
8.821948e-02
1.251293e-01
3.219801e-01
1.645604e-01
1.014028e-01
1.004260e-01
2.686702e-01
3.953771e-02
8.937871e-02
3.931942e-01
3.134291e-01
8.945781e-02
1.113809e-01
1.051735e-02
5.564723e-01
6.406690e-02
1.315932e-01
8.682945e-02
3.452319e-01
1.703714e-01
1.752182e-01
5.610466e-02
000000
1.847902e-01
1.405739e-01
2.505218e-01
5.555909e-01
1.992839e-01
8.357230e-02
1.956130e-01
8.047087e-02
1.170674e-01
1.095916e-01
6.448957e-02
3.450224e-02
2.478591e-01
1.454757e-01
1.270500e-01
1.475552e-01
3.840378e-01
4.480862e-01
6.313724e-02
1.879617e-01
1.162435e-01
1.992611e-02
1.665052e-01
3.879785e-01
1.364622e-01
7.896567e-02
1.778345e-01
9.631844e-02
1.216245e-01
3.967110e-02
5.051599e-02
1.965417e-01
2.135688e-01
3.521258e-01
1.977793e-03
9.104868e-02
2.397340e-01
3.033654e-01
1.684783e-01
4.394994e-02
4.942364e-02
1.641046e-01
3.251191e-01
4.138382e-01
1.391999e-01
1.452783e-01
2.202596e-01
1.349538e-01
3.252106e-01
1.394183e-01
1.028787e-01
1.299638e-01
1.682415e-01
6.496612e-02
2.308008e-01
3.470098e-02
1.367543e-01
2.924915e-01
4.264791e-01
2.510515e-01
1.398508e-01
2.676017e-01
1.523384e-01
5.199427e-02
