1.446556e-01
1.775497e-01
5.835679e-02
2.771143e-01
7.428264e-03
1.945127e-01
3.193562e-02
2.259436e-01
1.384621e-01
1.968381e-02
5.210073e-02
5.896942e-02
5.861258e-02
9.297301e-02
1.232544e-01
1.831637e-01
2.014457e-02
1.035620e-01
1.506330e-01
6.446501e-01
4.829489e-02
1.522708e-01
1.488723e-01
2.293565e-01
5.368815e-02
2.036812e-01
9.504620e-03
6.715420e-01
4.650794e-02
1.898599e-01
1.573889e-01
4.055500e-01
1.259002e-01
1.729305e-01
7.077431e-02
000000
1.602316e-01
1.805793e-01
1.791318e-01
5.772477e-01
6.200903e-02
1.310969e-01
7.586059e-02
8.010522e-02
5.102994e-02
1.721090e-01
6.827251e-02
8.355694e-02
8.656719e-02
1.300871e-01
7.318967e-02
4.220832e-01
1.587263e-01
2.277276e-01
4.527787e-02
2.086028e-01
5.023755e-02
5.869628e-02
1.509055e-01
3.464656e-01
6.214080e-02
1.328563e-01
1.379814e-01
2.980524e-01
1.265346e-01
1.725255e-01
8.096138e-02
3.709223e-01
1.444059e-01
1.869149e-01
1.654980e-02
1.364732e-01
7.873612e-02
2.225473e-01
1.706347e-01
4.860788e-02
3.890401e-02
2.899843e-01
1.127356e-01
3.138993e-01
1.203205e-01
3.888386e-01
1.326179e-01
7.781755e-01
1.061841e-01
1.092099e-01
7.035966e-02
5.149253e-01
9.659158e-02
5.942193e-02
6.741603e-02
3.538809e-01
1.020961e-01
2.436539e-01
1.133483e-01
2.760827e-01
1.049190e-01
3.385688e-01
7.160161e-02
1.841318e-01
