5.661210e-01
3.751698e-01
1.849599e-01
8.125668e-02
1.265694e-02
1.044934e-01
2.218481e-02
1.333931e-01
4.746954e-01
1.450303e-02
3.325029e-02
4.128398e-02
8.443910e-02
9.254396e-02
1.124043e-01
2.920285e-01
9.024283e-02
1.094083e-01
1.234049e-01
2.649898e-01
4.195839e-02
7.820637e-02
3.686195e-01
2.890851e-01
9.205079e-02
1.058903e-01
2.629338e-03
4.840857e-01
5.913867e-02
1.149124e-01
8.324886e-02
3.068728e-01
1.728052e-01
1.664573e-01
4.488373e-02
2.753149e-02
1.798756e-01
1.440306e-01
3.223768e-01
5.613484e-01
2.194136e-01
8.096067e-02
1.977393e-01
5.549715e-02
1.331041e-01
1.141579e-01
6.847041e-02
2.536930e-02
2.022968e-01
1.103609e-01
1.306289e-01
1.320231e-01
3.862198e-01
4.849152e-01
6.163397e-02
1.879617e-01
1.146936e-01
3.088547e-02
1.689184e-01
4.088376e-01
1.584216e-01
8.930642e-02
1.623706e-01
8.927075e-02
1.101775e-01
4.407900e-02
5.344445e-02
1.864627e-01
2.232139e-01
3.593120e-01
2.966690e-03
1.098365e-01
1.726085e-01
2.696581e-01
1.665528e-01
5.103864e-02
4.201009e-02
1.734821e-01
3.058324e-01
4.416592e-01
1.604518e-01
1.483049e-01
3.732176e-01
1.272422e-01
3.778182e-01
1.351504e-01
9.792068e-02
1.291993e-01
1.799452e-01
7.284081e-02
2.414532e-01
2.795357e-02
1.253581e-01
3.123888e-01
3.286628e-01
2.183056e-01
1.319560e-01
2.601268e-01
1.560092e-01
5.199427e-02
