1.393073e-01
5.217879e-01
5.038564e-01
1.336803e-01
6.328468e-03
7.153782e-02
5.042003e-02
1.391428e-01
4.347211e-01
6.869857e-03
9.779498e-03
6.133620e-02
7.505698e-02
9.254396e-02
1.770898e-01
4.006032e-01
7.484846e-01
1.200823e-01
3.063845e-02
2.245053e-01
2.097919e-02
9.367577e-02
3.563322e-01
2.130101e-01
1.620612e-01
000000
3.505784e-03
5.881415e-01
6.406690e-02
1.019384e-01
7.608766e-02
6.180077e-02
1.728052e-01
1.270332e-01
8.827133e-02
8.149321e-01
1.877390e-01
1.325081e-01
2.660580e-01
5.613484e-01
1.429208e-01
1.384166e-01
2.955458e-01
1.304183e-01
2.854521e-01
5.251263e-02
1.273868e-02
1.491715e-01
1.166396e-01
7.859033e-02
3.310458e-01
8.875502e-02
4.124042e-01
3.498756e-01
8.267972e-02
9.671816e-02
1.131437e-01
1.534311e-01
1.459937e-01
4.964456e-01
1.866552e-01
1.099879e-01
1.855664e-01
9.318613e-02
1.323561e-01
8.044417e-02
3.807002e-02
2.150200e-01
9.093899e-02
3.425441e-01
1.285566e-01
7.659651e-02
2.828862e-01
2.335432e-01
1.193789e-01
8.222892e-02
7.825410e-02
9.658730e-02
3.499163e-01
4.764356e-01
2.231449e-02
1.460349e-01
2.447328e-01
1.403520e-01
4.352083e-01
1.337277e-01
8.924417e-02
3.363768e-02
1.901860e-01
1.811177e-01
4.154415e-01
3.084531e-02
1.076307e-01
1.492303e-01
4.264791e-01
1.921089e-01
1.466178e-02
2.541469e-01
2.349315e-01
4.123684e-02
