5.424091e-01
3.492960e-01
3.061406e-01
3.014361e-02
6.599688e-02
9.243650e-02
1.613441e-02
1.195938e-01
4.696986e-01
1.602967e-02
6.356673e-02
3.302718e-02
9.851228e-02
8.475989e-02
1.283106e-01
3.481878e-01
3.397377e-01
5.336989e-02
1.489369e-01
2.760311e-01
4.518595e-02
8.594107e-02
3.514173e-01
2.921281e-01
8.297536e-02
8.157473e-02
7.888014e-03
4.795615e-01
7.638745e-02
1.566144e-01
8.593430e-02
2.770379e-01
1.861916e-01
1.445550e-01
4.263954e-02
3.413905e-01
1.474390e-01
1.440306e-01
2.485797e-01
5.642271e-01
2.214265e-01
9.140721e-02
6.803931e-02
1.331932e-01
4.810991e-02
1.210074e-01
4.856622e-02
5.682723e-02
2.405692e-01
1.304265e-01
8.947185e-02
1.664157e-01
3.185768e-01
3.805664e-01
5.261436e-02
1.551140e-01
4.494748e-02
2.889286e-02
1.761577e-01
2.753396e-01
1.725384e-01
9.212662e-02
1.984529e-01
1.002338e-01
1.402259e-01
6.391455e-02
2.708828e-02
1.797433e-01
2.039238e-01
3.066129e-01
1.384455e-02
1.445217e-01
1.798005e-01
3.683722e-01
1.463354e-01
4.253220e-02
6.919310e-02
1.247195e-01
2.782799e-01
4.868685e-01
1.381373e-01
1.407383e-01
2.386145e-01
7.403182e-02
3.586882e-01
7.824495e-02
1.003997e-01
1.223189e-01
1.653155e-01
6.693479e-02
1.065235e-01
4.144839e-02
1.063645e-01
3.143786e-01
3.756147e-01
2.728820e-01
1.635352e-01
2.421870e-01
1.229720e-01
4.840846e-02
