3.141422e-02
3.074273e-01
1.594120e-01
5.547413e-01
8.616997e-02
1.749771e-01
1.620238e-01
4.290354e-01
1.347274e-01
3.056696e-02
4.512812e-02
4.559376e-01
1.005260e-01
1.079589e-01
8.599994e-02
2.861959e-01
9.608251e-02
3.861996e-03
1.218746e-02
6.788033e-01
5.176380e-02
1.619180e-01
1.274966e-01
2.865381e-01
1.150617e-01
2.739540e-02
000000
6.327024e-01
5.047844e-02
1.278836e-01
9.046357e-02
4.464284e-02
1.205631e-01
7.775599e-02
1.704808e-01
3.784201e-01
9.026659e-02
1.498427e-01
1.018866e-01
5.646213e-01
3.424175e-02
2.969324e-01
1.193036e-01
6.708128e-01
1.374512e-01
1.087581e-01
6.527280e-02
3.764456e-01
7.840411e-02
2.809686e-01
4.592179e-02
4.366112e-02
9.079831e-02
1.099979e-01
1.851373e-01
1.433281e-01
2.514481e-02
2.958362e-01
1.340001e-01
8.222438e-01
1.028554e-01
2.012079e-01
2.375589e-01
4.030307e-01
1.364857e-01
2.338727e-01
3.684882e-02
5.111300e-01
9.574957e-02
1.347514e-01
1.109715e-01
1.368875e-01
1.097810e-01
8.048884e-02
9.261330e-02
6.831979e-01
4.257871e-02
5.824595e-02
1.786178e-01
3.421487e-01
4.865724e-02
2.236871e-01
7.685708e-02
5.233504e-01
1.142398e-01
6.463841e-02
1.389053e-01
2.637962e-01
4.832027e-02
1.931292e-01
1.852291e-01
2.148462e-01
8.496563e-02
6.056790e-02
7.266956e-02
2.383138e-01
3.276921e-03
1.791687e-01
1.005335e-01
3.640577e-01
