5.631570e-01
3.881067e-01
3.284633e-01
7.470372e-02
9.040668e-03
9.324030e-02
2.823522e-02
1.241936e-01
4.447147e-01
1.373971e-02
5.085339e-02
4.246352e-02
9.382122e-02
9.600355e-02
1.102835e-01
3.107483e-01
1.698688e-01
9.606581e-02
1.072346e-01
2.594692e-01
5.244798e-02
8.336284e-02
3.710770e-01
2.403971e-01
9.723675e-02
1.129496e-01
5.258676e-03
5.248032e-01
5.913867e-02
1.306665e-01
8.682945e-02
3.558872e-01
1.667206e-01
1.620769e-01
5.460854e-02
000000
1.877390e-01
1.394216e-01
3.029566e-01
5.527122e-01
2.073357e-01
1.070770e-01
1.786032e-01
7.769601e-02
1.218784e-01
1.152995e-01
6.130490e-02
1.623635e-02
2.278117e-01
1.237380e-01
1.377867e-01
1.431175e-01
3.905839e-01
3.560137e-01
4.960783e-02
1.624135e-01
9.919444e-02
2.391133e-02
1.508200e-01
4.004940e-01
1.505790e-01
8.460608e-02
1.469067e-01
9.866767e-02
1.194782e-01
4.848690e-02
4.319483e-02
1.797433e-01
2.342368e-01
3.784753e-01
3.955586e-03
1.011652e-01
1.869925e-01
2.913271e-01
1.598137e-01
5.387412e-02
4.201009e-02
1.678556e-01
2.755247e-01
4.312263e-01
1.583266e-01
1.437650e-01
2.324962e-01
1.341827e-01
3.491231e-01
1.223467e-01
8.180715e-02
1.307283e-01
1.536118e-01
6.299745e-02
2.201485e-01
2.795357e-02
1.646117e-01
3.143786e-01
4.343045e-01
2.706990e-01
1.432343e-01
2.406920e-01
1.743632e-01
5.289073e-02
