5.038773e-01
3.018608e-01
2.678730e-01
7.994608e-02
9.944735e-03
8.922132e-02
2.420161e-02
1.494923e-01
4.846890e-01
1.831962e-02
4.791954e-02
2.830902e-02
6.567486e-02
3.632567e-02
1.240689e-01
3.556757e-01
1.114764e-01
8.539183e-02
1.123410e-01
2.318661e-01
9.602015e-02
7.562814e-02
3.784494e-01
2.495261e-01
8.945781e-02
9.177157e-02
7.888014e-03
8.460189e-01
6.037073e-02
1.167658e-01
9.041005e-02
3.111349e-01
1.107414e-01
7.359166e-01
5.610466e-02
000000
1.110707e-01
1.497918e-01
3.670435e-01
5.555909e-01
2.214265e-01
8.748976e-02
1.849819e-01
1.415177e-01
1.122565e-01
1.027421e-01
6.926657e-02
1.725112e-02
2.715516e-01
2.491481e-01
8.768241e-02
7.211345e-02
3.993120e-01
3.867046e-01
9.470586e-02
2.244591e-01
8.989496e-02
4.084853e-02
1.604724e-01
5.965691e-01
1.301881e-01
7.332527e-02
1.739685e-01
1.080646e-01
1.223400e-01
5.399677e-02
4.392694e-02
1.999014e-01
2.328589e-01
3.784753e-01
5.933380e-03
1.474121e-01
2.037739e-01
2.985500e-01
1.636646e-01
6.521604e-02
3.789146e-02
1.697311e-01
2.810352e-01
4.068829e-01
1.338869e-01
1.051754e-01
3.670993e-01
1.349538e-01
3.539056e-01
9.816185e-02
1.041182e-01
1.200254e-01
8.485221e-02
4.331075e-02
3.124688e-01
3.759273e-02
1.823391e-01
3.064196e-01
4.264791e-01
2.270378e-01
7.894804e-02
2.616218e-01
1.780340e-01
4.302974e-02
