4.697604e-01
3.219357e-01
3.380061e-01
1.239991e-01
2.684782e-02
8.740609e-02
3.027594e-02
1.126196e-01
4.567594e-01
1.059411e-02
4.905313e-02
5.545910e-02
6.001232e-02
8.869008e-02
9.254999e-02
3.743988e-01
1.604259e-01
1.204101e-01
1.326850e-01
3.051878e-01
5.064172e-02
1.055286e-01
3.800657e-01
3.672060e-01
8.462008e-02
1.053378e-01
2.803193e-03
5.673665e-01
6.864497e-02
9.221195e-02
5.765555e-02
3.737583e-01
1.747265e-01
1.699193e-01
6.026448e-02
000000
1.819407e-01
1.368234e-01
3.302337e-01
5.959135e-01
2.035694e-01
1.701161e-01
1.687127e-01
7.896971e-02
7.775160e-02
1.326153e-01
6.961121e-02
3.464950e-02
2.172451e-01
1.292558e-01
1.452416e-01
1.316096e-01
3.920832e-01
4.535145e-01
6.029828e-02
2.100779e-01
1.066115e-01
3.298211e-02
1.791287e-01
4.092283e-01
1.474153e-01
7.287029e-02
1.712189e-01
8.250246e-02
1.068394e-01
4.980309e-02
5.885955e-02
1.691296e-01
1.959681e-01
3.677216e-01
1.353800e-02
1.000227e-01
1.708534e-01
3.101721e-01
1.407049e-01
5.925121e-02
3.118243e-02
1.714613e-01
2.893810e-01
4.894750e-01
1.861560e-01
1.475529e-01
3.237785e-01
1.384400e-01
3.655181e-01
1.065962e-01
1.436714e-01
1.350573e-01
1.590885e-01
4.734848e-02
1.891665e-01
4.314347e-02
1.396515e-01
3.165900e-01
4.993556e-01
2.707858e-01
1.130205e-01
2.125456e-01
1.743009e-01
5.220609e-02
