5.868688e-01
3.492960e-01
2.742509e-01
7.339313e-02
1.175287e-02
1.044934e-01
1.230249e-01
1.310933e-01
4.871874e-01
1.602967e-02
5.476519e-02
7.195208e-02
3.612117e-01
1.288696e-01
1.293710e-01
2.208933e-01
7.431762e-02
8.539183e-02
1.165963e-01
2.576290e-01
5.083420e-02
8.508166e-02
4.128539e-01
3.651601e-01
9.464377e-02
1.184402e-01
7.011568e-03
4.162232e-01
7.392334e-02
1.473473e-01
8.593430e-02
3.537562e-01
1.849746e-01
4.555674e-01
5.012016e-02
000000
1.916707e-01
1.440306e-01
1.747826e-01
5.498335e-01
8.655764e-02
9.532466e-02
1.913606e-01
1.831406e-01
1.186711e-01
1.004589e-01
8.120909e-02
2.435453e-02
2.168767e-01
2.842629e-01
8.052467e-02
1.309137e-01
1.723806e-01
7.549946e-01
9.320259e-02
2.208094e-01
5.114713e-02
2.092242e-02
1.061773e-01
4.213530e-01
9.881745e-02
9.400675e-02
1.726798e-01
9.788459e-02
1.209091e-01
5.399677e-02
4.612329e-02
1.528658e-01
2.190803e-01
3.641029e-01
1.977793e-03
1.199530e-01
2.373367e-01
3.081807e-01
1.665528e-01
6.946926e-02
5.189482e-02
1.519140e-01
3.113429e-01
5.042566e-01
1.572640e-01
1.437650e-01
3.242710e-01
1.241575e-01
1.578228e-01
1.251919e-01
1.003997e-01
1.261413e-01
1.726304e-01
2.165537e-02
2.521055e-01
2.506182e-02
1.304231e-01
3.103991e-01
5.086449e-01
2.532345e-01
1.725579e-01
2.526519e-01
1.505030e-01
4.571910e-02
