3.230743e-01
4.139805e-01
2.806289e-01
9.567318e-02
3.616267e-03
1.117276e-01
8.067204e-02
1.644415e-01
3.297884e-01
2.137289e-02
3.911799e-02
5.189986e-02
3.330653e-01
8.735458e-02
8.059178e-02
2.770527e-01
2.017193e-01
9.873430e-02
1.251070e-01
2.870723e-01
5.325488e-02
7.734696e-02
4.005666e-01
2.464831e-01
9.982973e-02
1.058903e-01
7.011568e-03
5.564723e-01
7.761951e-02
1.325199e-01
8.593430e-02
2.003197e-01
2.141811e-01
1.445550e-01
5.610466e-02
000000
1.828244e-01
9.217958e-02
1.534203e-01
5.642271e-01
2.375303e-01
9.924211e-02
2.019917e-01
9.712002e-02
9.782348e-02
1.038837e-01
6.210107e-02
2.131021e-02
2.660841e-01
1.070166e-01
1.198923e-01
1.420080e-01
3.731276e-01
7.856855e-01
6.464050e-02
1.277410e-01
1.239930e-01
2.590394e-02
1.556462e-01
5.256483e-01
1.254825e-01
8.554615e-02
1.546387e-01
1.151123e-01
1.201936e-01
4.958887e-02
3.440944e-02
2.250991e-01
2.135688e-01
3.641029e-01
9.888966e-03
1.401861e-01
1.989792e-01
3.129960e-01
1.646274e-01
5.670960e-02
5.189482e-02
1.275328e-01
2.479722e-01
3.268974e-01
1.562014e-01
1.407383e-01
2.569695e-01
1.280134e-01
3.610794e-01
1.507994e-01
1.065972e-01
1.131449e-01
1.755563e-01
7.087213e-02
7.101564e-02
4.241231e-02
1.430855e-01
2.427480e-01
4.108285e-01
2.772481e-01
8.007587e-02
1.315584e-01
1.633508e-01
5.109782e-02
