5.216612e-01
3.406714e-01
2.646840e-01
7.601431e-02
9.944735e-03
9.404409e-02
4.033602e-02
1.299433e-01
4.422163e-01
1.221308e-02
5.085339e-02
4.246352e-02
1.078944e-01
9.081417e-02
1.155856e-01
2.508450e-01
2.654201e-01
1.094083e-01
1.114899e-01
2.613094e-01
5.244798e-02
8.594107e-02
3.735345e-01
2.982141e-01
1.114981e-01
1.058903e-01
8.764460e-03
4.886098e-01
6.776306e-02
1.297398e-01
8.414401e-02
3.665425e-01
1.728052e-01
2.102619e-01
4.413567e-02
000000
1.788927e-01
1.371171e-01
2.990725e-01
5.671058e-01
2.174006e-01
7.051413e-02
2.317589e-01
8.879544e-02
1.667810e-01
1.244321e-01
5.652789e-02
1.928067e-02
2.515041e-01
1.220658e-01
1.342078e-01
1.453363e-01
3.687635e-01
4.051191e-01
5.862743e-02
1.788373e-01
9.299478e-02
3.188178e-02
1.508200e-01
3.128859e-01
1.490104e-01
7.614547e-02
1.585046e-01
9.161998e-02
1.108929e-01
4.187505e-02
4.685541e-02
1.915022e-01
2.011681e-01
3.664983e-01
6.922276e-03
9.104868e-02
2.109660e-01
3.081807e-01
1.617392e-01
4.394994e-02
4.283382e-02
1.781708e-01
3.168534e-01
4.833908e-01
1.657648e-01
1.452783e-01
1.957863e-01
1.388097e-01
3.491231e-01
8.962603e-02
1.028787e-01
1.184964e-01
1.638525e-01
4.724809e-02
1.917422e-01
2.698965e-02
1.532155e-01
3.302965e-01
4.382171e-01
2.641498e-01
1.454900e-01
2.601268e-01
1.541738e-01
4.302974e-02
