4.149578e-01
3.018608e-01
2.519282e-01
8.387786e-02
8.136601e-03
9.645548e-02
2.420161e-02
1.195938e-01
4.497114e-01
1.526635e-02
4.498569e-02
4.718169e-02
6.567486e-02
1.003280e-01
1.272502e-01
2.995164e-01
1.964109e-01
6.938086e-02
9.957497e-02
2.797115e-01
4.760663e-02
8.508166e-02
3.858218e-01
3.469021e-01
7.908589e-02
1.082434e-01
7.011568e-03
6.967214e-01
6.899512e-02
1.241795e-01
9.399064e-02
3.367077e-01
1.825408e-01
1.971205e-01
5.012016e-02
000000
1.897049e-01
1.209857e-01
2.971305e-01
5.498335e-01
1.570115e-01
9.793629e-02
2.360114e-01
8.324573e-02
9.140883e-02
1.232905e-01
7.563591e-02
3.044316e-02
2.496816e-01
1.387872e-01
1.270500e-01
1.342420e-01
3.731276e-01
5.401588e-01
4.509803e-02
1.897866e-01
1.069440e-01
2.988917e-02
1.773643e-01
3.838067e-01
1.286195e-01
7.990574e-02
1.456181e-01
9.631844e-02
1.116084e-01
5.069085e-02
5.930138e-02
1.747038e-01
2.245918e-01
3.952432e-01
7.911173e-03
1.011652e-01
1.726085e-01
3.154037e-01
1.675156e-01
3.827898e-02
5.107109e-02
1.659801e-01
2.975666e-01
4.451369e-01
1.487633e-01
1.467916e-01
2.019046e-01
1.303269e-01
3.012980e-01
1.095429e-01
7.808865e-02
1.337862e-01
1.697044e-01
3.740474e-02
1.952930e-01
3.373706e-02
1.253581e-01
3.163683e-01
4.382171e-01
2.335870e-01
1.500013e-01
2.436820e-01
1.523384e-01
3.137585e-02
