4.801654e-01
4.139805e-01
2.806289e-01
9.043082e-02
1.084880e-02
9.806307e-02
4.033602e-02
1.172940e-01
4.297243e-01
1.831962e-02
4.302979e-02
5.543849e-02
9.851228e-02
9.686845e-02
1.219481e-01
2.957724e-01
8.493442e-02
9.606581e-02
1.225538e-01
2.668300e-01
5.244798e-02
7.562814e-02
3.931942e-01
3.469021e-01
8.427185e-02
1.074590e-01
6.135122e-03
5.790931e-01
6.406690e-02
1.362267e-01
8.772460e-02
3.644115e-01
1.752391e-01
2.015010e-01
5.236435e-02
000000
1.838073e-01
1.578575e-01
2.718841e-01
5.555909e-01
1.912320e-01
1.227468e-01
1.828557e-01
7.769601e-02
1.186711e-01
9.589262e-02
5.971256e-02
2.232498e-02
2.369242e-01
1.203937e-01
1.163134e-01
1.286948e-01
3.927659e-01
6.015404e-01
6.163397e-02
1.660633e-01
1.100438e-01
3.188178e-02
1.423740e-01
3.629477e-01
1.552846e-01
8.930642e-02
1.494840e-01
8.535536e-02
1.180473e-01
6.171060e-02
5.637291e-02
1.763836e-01
2.204582e-01
3.712891e-01
5.933380e-03
6.792520e-02
2.037739e-01
2.865117e-01
1.713665e-01
3.969672e-02
5.930837e-02
1.706688e-01
3.168534e-01
4.973013e-01
1.615144e-01
1.407383e-01
2.202596e-01
1.357250e-01
3.706444e-01
1.195014e-01
7.932815e-02
1.337862e-01
1.784822e-01
3.149873e-02
1.988438e-01
2.506182e-02
1.152282e-01
3.163683e-01
4.577804e-01
2.772481e-01
1.466178e-01
2.451770e-01
1.376552e-01
5.109782e-02
