5.750129e-01
3.536083e-01
2.997627e-01
7.863549e-02
1.084880e-02
9.725928e-02
3.226882e-02
1.230437e-01
4.147339e-01
1.068644e-02
5.867699e-02
5.779757e-02
9.851228e-02
9.859824e-02
1.219481e-01
2.508450e-01
1.698688e-01
1.387617e-01
1.276602e-01
2.870723e-01
4.276528e-02
6.789344e-02
3.759919e-01
2.677841e-01
1.050157e-01
1.098121e-01
2.629338e-03
6.741006e-01
6.406690e-02
1.269596e-01
9.667609e-02
3.153971e-01
1.849746e-01
1.752182e-01
4.637985e-02
1.541763e-01
1.887219e-01
1.359649e-01
2.000290e-01
5.527122e-01
2.153876e-01
1.318875e-01
1.424573e-01
7.214630e-02
8.659784e-02
1.073084e-01
5.493556e-02
1.826589e-02
2.587941e-01
1.371150e-01
1.002085e-01
1.375703e-01
3.643995e-01
5.462969e-01
5.862743e-02
1.660633e-01
9.454470e-02
2.291503e-02
1.689184e-01
4.672430e-01
1.348937e-01
9.588689e-02
1.610819e-01
1.049323e-01
1.287789e-01
4.518097e-02
4.392694e-02
2.066208e-01
2.369925e-01
3.137992e-01
000000
9.393911e-02
1.414431e-01
3.539263e-01
1.588510e-01
4.253220e-02
3.377282e-02
1.744198e-01
3.719583e-01
4.207934e-01
1.647022e-01
1.407383e-01
1.529580e-01
1.172171e-01
3.658619e-01
1.166561e-01
1.065972e-01
1.299638e-01
1.565377e-01
3.149873e-02
1.775391e-01
4.723189e-02
1.532155e-01
3.283067e-01
4.538677e-01
2.794312e-01
1.387230e-01
2.750766e-01
1.413260e-01
4.751201e-02
