3.284586e-02
1.403141e-01
2.815162e-01
1.052736e-01
1.875050e-01
8.464593e-02
4.125071e-01
9.930968e-02
2.966262e-01
3.087505e-02
3.303775e-01
1.048343e-01
2.974358e-01
1.508826e-01
5.915925e-01
6.618121e-02
2.293255e-01
4.543315e-03
5.778596e-02
1.343198e-01
2.382778e-01
1.384258e-01
7.573849e-01
5.151073e-02
2.720990e-01
3.854176e-02
3.901442e-02
1.184204e-01
1.324506e-01
2.861322e-02
4.398516e-01
000000
2.214169e-01
6.763392e-02
4.601268e-01
6.591002e-02
2.550167e-01
8.857455e-02
7.142040e-01
1.073592e-01
5.418627e-02
1.388746e-01
4.982930e-01
6.373469e-02
1.015245e-01
4.160594e-02
5.051424e-02
6.332489e-02
1.235100e-01
5.703453e-02
4.232174e-01
1.022488e-01
2.173045e-01
6.836813e-02
8.708802e-01
2.513879e-02
5.045886e-02
1.296858e-01
1.730049e-01
1.602779e-01
1.150703e-01
1.038172e-01
5.680595e-01
8.251356e-02
2.288944e-01
9.206162e-02
1.054786e-01
4.651043e-02
2.543428e-01
4.416480e-02
7.328505e-01
7.083407e-02
2.052151e-01
5.267635e-03
3.672163e-01
8.635039e-02
6.653291e-02
1.126995e-01
5.424322e-01
9.923108e-02
7.187286e-02
1.585880e-01
3.512658e-02
5.969911e-02
3.265951e-01
1.020811e-01
4.578532e-01
8.711836e-02
1.682286e-01
2.344869e-01
5.725731e-01
7.482538e-02
2.064371e-01
5.721776e-02
4.532189e-01
9.327111e-02
2.374317e-02
1.437794e-01
2.779437e-01
6.958461e-02
