2.246292e-01
1.958676e-01
6.582929e-02
1.490691e-01
3.417294e-01
2.069364e-01
2.481149e-01
1.383787e-02
5.445050e-02
5.074210e-03
6.199959e-02
1.076756e-01
7.112032e-02
9.291128e-01
1.914711e-01
4.162887e-01
4.531930e-01
1.848722e-01
6.787821e-02
4.044092e-02
5.477445e-02
4.365822e-02
1.131678e-02
5.048979e-01
5.906105e-02
1.148307e-01
1.297374e-01
1.067034e-01
7.977533e-02
2.761954e-01
3.678339e-01
2.103409e-01
5.544472e-02
6.443728e-02
1.142839e-01
2.990873e-02
1.200637e-01
1.474421e-02
4.842778e-01
2.440803e-02
5.440946e-02
1.181696e-01
1.366951e-01
6.901702e-02
1.744488e-01
7.057051e-03
4.435124e-01
8.245589e-02
1.259759e-01
1.056524e-01
2.605425e-01
4.646306e-02
1.092763e-01
5.701716e-02
9.193605e-02
2.390449e-01
1.895465e-01
2.430272e-01
1.531169e-01
2.121153e-01
1.331413e-01
2.665117e-01
8.316388e-02
1.323704e-01
1.258614e-01
4.491077e-02
7.063060e-02
1.752343e-01
1.174000e-01
2.324820e-01
2.573989e-01
1.004318e-01
1.200879e-01
1.778941e-01
2.078776e-01
3.676966e-01
1.217108e-01
1.868241e-01
7.992582e-02
1.235662e-01
2.386476e-01
2.893000e-01
2.107048e-01
2.165229e-01
1.082368e-01
7.424005e-02
1.034038e-01
2.366679e-02
1.240784e-01
1.350873e-01
6.732837e-02
1.932022e-01
4.286262e-02
3.161881e-01
9.932005e-02
2.291492e-01
1.639447e-01
8.703297e-04
5.537450e-02
8.310182e-02
