1.469537e-02
1.646249e-01
2.210870e-01
1.442604e-01
3.136421e-01
7.989316e-02
2.028384e-01
1.237269e-01
2.129619e-01
2.029684e-03
5.918143e-02
4.307023e-01
1.046827e-01
8.547838e-01
3.209421e-01
2.161499e-01
4.859236e-01
1.274981e-02
4.873307e-02
8.986870e-02
5.477445e-01
6.925098e-02
1.616683e-01
6.260734e-01
1.351589e-01
4.754709e-02
1.211833e-02
1.946350e-01
3.722849e-02
4.284569e-01
2.360268e-01
1.238994e-01
1.073691e-01
8.832975e-02
1.853513e-01
4.960473e-02
1.440765e-01
1.312235e-01
3.953914e-01
1.708562e-01
8.198686e-03
2.535723e-01
1.125725e-01
6.991334e-02
3.097357e-01
1.646645e-02
4.541994e-02
6.871324e-02
5.107130e-02
6.672783e-02
2.889653e-01
1.360704e-01
1.135118e-01
9.100815e-02
1.112910e-01
1.611742e-01
2.349750e-02
3.951833e-01
2.067636e-01
1.289564e-01
3.544048e-02
2.269156e-01
1.021022e-01
2.032166e-01
1.094447e-01
4.710154e-02
4.795905e-02
2.081730e-01
1.347011e-01
1.900448e-01
2.240884e-01
4.108573e-02
1.346700e-01
2.479736e-02
2.078776e-01
2.232443e-01
1.415241e-02
9.104718e-02
1.467131e-01
1.308348e-01
1.496603e-01
3.209752e-01
2.277889e-02
2.035962e-01
1.189779e-01
5.629190e-02
4.389084e-02
1.278007e-01
1.952167e-01
1.558700e-01
1.192442e-01
1.884899e-02
1.486512e-01
3.266119e-01
2.061360e-01
2.139506e-01
1.074595e-01
1.296791e-01
1.051177e-01
6.194863e-02
