1.973378e-01
1.982709e-01
8.197609e-02
1.526756e-01
4.493976e-01
2.056267e-01
1.756726e-01
1.383787e-02
7.260066e-02
1.319294e-02
5.072694e-02
8.764292e-02
6.073196e-02
9.724714e-01
1.787064e-01
4.563165e-01
4.481576e-01
2.087781e-01
7.571031e-02
3.894310e-02
9.859401e-02
5.193823e-02
2.182522e-02
5.351917e-01
5.906105e-02
1.184192e-01
1.240347e-01
1.076914e-01
7.521674e-02
2.761954e-01
3.800950e-01
2.218664e-01
5.896502e-02
7.674552e-02
1.123632e-01
4.303940e-02
1.120595e-01
1.621864e-02
5.087982e-01
3.051004e-02
4.844678e-02
1.033984e-01
1.481821e-01
8.515087e-02
1.584280e-01
1.019352e-02
4.488559e-01
9.161765e-02
1.225711e-01
1.037988e-01
2.676482e-01
5.310064e-02
1.143589e-01
7.456090e-02
1.000006e-01
2.426668e-01
1.848470e-01
2.662733e-01
1.452934e-01
2.145257e-01
1.465512e-01
2.558512e-01
7.904686e-02
1.547429e-01
1.274249e-01
3.724307e-02
6.888664e-02
1.739167e-01
1.359369e-01
1.974252e-01
2.271167e-01
1.107032e-01
1.072214e-01
1.865193e-01
2.412407e-01
4.070926e-01
1.179368e-01
1.797295e-01
6.897708e-02
1.247776e-01
3.599938e-01
2.787416e-01
2.249416e-01
2.084437e-01
1.115418e-01
6.445015e-02
1.160504e-01
3.029349e-02
1.191153e-01
1.584678e-01
6.165007e-02
1.920241e-01
4.012671e-02
3.057643e-01
1.011940e-01
2.291492e-01
1.777215e-01
8.703297e-04
4.411189e-02
8.007993e-02
