1.847418e-01
1.946659e-01
6.334516e-02
1.466647e-01
4.493976e-01
2.095558e-01
2.354375e-01
6.511941e-03
5.687052e-02
1.623747e-02
6.904500e-02
1.277082e-01
7.591495e-02
8.238134e-01
1.404122e-01
4.242942e-01
4.607462e-01
2.231216e-01
5.830564e-02
3.744529e-02
1.150263e-01
5.269096e-02
3.395034e-02
3.887714e-01
5.224632e-02
1.318759e-01
1.154805e-01
8.990752e-02
6.913862e-02
3.505557e-01
3.800950e-01
2.276292e-01
5.720487e-02
6.588531e-02
1.229273e-01
3.574458e-02
1.106042e-01
8.846529e-03
5.026681e-01
2.092117e-02
5.739080e-02
8.616536e-02
1.366951e-01
7.977292e-02
1.406271e-01
1.097763e-02
4.354971e-01
5.955147e-02
1.157616e-01
1.121398e-01
2.723853e-01
4.646306e-02
1.126647e-01
9.100815e-02
9.435542e-02
2.480996e-01
1.973790e-01
2.599334e-01
1.620580e-01
2.060893e-01
1.427198e-01
2.467137e-01
7.904686e-02
9.881174e-02
1.227344e-01
5.148307e-02
5.842284e-02
2.042204e-01
1.248148e-01
1.992703e-01
2.377154e-01
8.787780e-02
1.003592e-01
1.778941e-01
1.437179e-01
3.283005e-01
1.292587e-01
1.856416e-01
7.226170e-02
1.344691e-01
3.155002e-01
2.787416e-01
1.679943e-01
2.084437e-01
1.140205e-01
5.873938e-02
9.596472e-02
1.893343e-02
1.124978e-01
1.480765e-01
5.110467e-02
1.896680e-01
6.474991e-02
2.883913e-01
5.809286e-02
2.256419e-01
1.570562e-01
8.703297e-04
4.974320e-02
9.216747e-02
