2.288279e-01
2.138922e-01
1.142697e-01
1.779212e-01
5.196160e-01
1.584766e-01
2.354375e-01
5.860747e-02
6.534060e-02
3.450462e-02
5.636326e-02
2.178552e-01
6.472748e-02
9.291128e-01
2.206477e-01
3.175536e-01
3.625544e-01
1.641538e-01
4.612237e-02
1.572702e-02
7.120678e-02
8.280008e-03
1.018510e-01
4.291632e-01
7.950526e-03
1.157278e-01
1.083521e-01
1.057154e-01
6.533979e-02
8.498319e-02
3.341158e-01
2.189850e-01
5.544472e-02
5.212903e-02
1.219669e-01
8.097242e-02
8.513611e-02
5.897686e-02
4.904079e-01
2.615146e-02
4.695611e-02
8.616536e-02
2.113605e-01
8.066924e-02
1.352869e-01
3.998995e-02
4.328253e-01
8.016545e-02
1.123569e-01
1.482841e-01
2.629110e-01
6.305701e-02
1.041937e-01
5.263122e-02
9.193605e-02
2.245573e-01
1.989455e-01
2.557069e-01
1.397052e-01
1.988581e-01
1.226049e-01
2.162552e-01
1.004554e-01
4.847368e-02
1.172622e-01
5.586461e-02
6.103879e-02
1.462481e-01
1.260506e-01
2.177213e-01
2.649694e-01
1.004318e-01
1.037903e-01
1.854411e-01
1.822137e-01
2.889044e-01
1.113323e-01
1.241552e-01
4.707959e-02
1.659664e-01
3.519040e-01
3.209752e-01
1.993153e-01
1.874378e-01
1.115418e-01
7.995082e-02
8.406212e-02
2.272012e-02
1.356591e-01
1.597667e-01
6.895074e-02
1.401894e-01
9.575692e-02
3.683070e-01
4.122719e-02
2.303184e-01
2.176744e-01
5.396044e-02
3.284928e-02
8.159087e-02
