2.099338e-01
2.006741e-01
5.340867e-02
1.634951e-01
4.493976e-01
1.977683e-01
2.046495e-01
8.139926e-03
7.139065e-02
1.522263e-02
4.509061e-02
1.327164e-01
7.991047e-02
9.353069e-01
1.586475e-01
4.242942e-01
4.607462e-01
1.769036e-01
5.569494e-02
4.643216e-02
4.381956e-02
4.365822e-02
7.275072e-03
4.796530e-01
6.701158e-02
1.229047e-01
1.083521e-01
8.496754e-02
8.053510e-02
3.895063e-01
4.015520e-01
2.362733e-01
5.720487e-02
7.095341e-02
1.027595e-01
1.896651e-02
1.062382e-01
5.897686e-03
4.474972e-01
1.743431e-02
6.633482e-02
1.181696e-01
1.447360e-01
6.632804e-02
1.886896e-01
8.625284e-03
4.675582e-01
7.329412e-02
1.242735e-01
1.056524e-01
2.558053e-01
5.641943e-02
1.126647e-01
6.688551e-02
8.064566e-02
2.173135e-01
2.130440e-01
2.916326e-01
1.397052e-01
1.940373e-01
1.542140e-01
2.634658e-01
9.139793e-02
1.099980e-01
1.258614e-01
3.176615e-02
7.324655e-02
1.870922e-01
1.384085e-01
1.734390e-01
2.695118e-01
9.700796e-02
1.183724e-01
1.789722e-01
1.796473e-01
4.027153e-01
1.188803e-01
1.749998e-01
8.540019e-02
1.405263e-01
2.750514e-01
3.083052e-01
1.936206e-01
2.149071e-01
1.206304e-01
6.281850e-02
9.522081e-02
3.408018e-02
1.273872e-01
1.532722e-01
5.191585e-02
1.861338e-01
3.647883e-02
2.849167e-01
1.049419e-01
2.256419e-01
1.350133e-01
000000
4.692754e-02
8.159087e-02
