2.351259e-01
2.030774e-01
9.315465e-02
1.514734e-01
4.915286e-01
2.043169e-01
2.191380e-01
7.325933e-03
7.623069e-02
000000
4.509061e-02
1.227001e-01
7.271853e-02
8.609779e-01
1.349416e-01
4.029461e-01
4.632640e-01
1.561851e-01
7.048891e-02
4.718107e-02
3.286467e-02
4.892732e-02
2.910029e-02
6.361713e-01
5.678947e-02
1.085509e-01
1.161934e-01
9.385949e-02
7.825580e-02
3.116050e-01
3.678339e-01
2.016967e-01
4.488382e-02
6.733333e-02
1.133236e-01
2.772029e-02
1.135148e-01
8.846529e-03
4.597574e-01
2.876661e-02
6.186281e-02
9.847470e-02
1.183160e-01
7.170599e-02
1.317267e-01
8.625284e-03
4.702300e-01
6.184191e-02
1.276783e-01
9.731142e-02
2.415939e-01
1.991274e-02
1.169002e-01
6.798199e-02
8.951668e-02
2.517215e-01
1.879800e-01
1.880819e-01
1.598227e-01
2.060893e-01
1.657082e-01
2.634658e-01
7.410643e-02
1.286417e-01
1.297701e-01
3.286154e-02
7.063060e-02
1.884098e-01
1.285221e-01
1.937350e-01
2.558848e-01
8.331272e-02
6.947945e-02
1.875974e-01
2.284087e-01
5.033941e-01
1.009539e-01
1.962835e-01
6.569245e-02
1.308348e-01
2.629168e-01
2.787416e-01
1.423681e-01
2.342972e-01
1.115418e-01
6.363433e-02
1.034038e-01
1.514675e-02
1.472397e-01
1.207992e-01
6.408363e-02
1.861338e-01
4.103868e-02
3.335611e-01
1.161857e-01
2.256419e-01
1.446571e-01
8.703297e-04
4.692754e-02
1.027441e-01
