2.267285e-01
1.718347e-01
7.700785e-02
1.406539e-01
5.289784e-01
1.872905e-01
2.336264e-01
1.058190e-02
7.623069e-02
9.133577e-03
5.918143e-02
1.427327e-01
7.191943e-02
1.003442e+00
1.787064e-01
4.242942e-01
4.380866e-01
1.928408e-01
5.395447e-02
4.268763e-02
4.929700e-02
4.215277e-02
1.293346e-02
4.140163e-01
7.155474e-02
1.336701e-01
1.347273e-01
9.781147e-02
8.129486e-02
3.222279e-01
3.525075e-01
2.881382e-01
5.016427e-02
7.022939e-02
1.094821e-01
3.866251e-02
1.120595e-01
8.846529e-03
4.536273e-01
1.394745e-02
5.739080e-02
9.108910e-02
1.343977e-01
6.812069e-02
1.619882e-01
5.488817e-03
4.408406e-01
4.122794e-02
1.327854e-01
1.130666e-01
2.486996e-01
4.314427e-02
8.132190e-02
8.223628e-02
8.790377e-02
2.680200e-01
1.989455e-01
2.493670e-01
1.329993e-01
1.988581e-01
1.360148e-01
2.482366e-01
7.904686e-02
1.118623e-01
9.224623e-02
4.819692e-02
8.894224e-02
2.055379e-01
9.762740e-02
1.143959e-01
2.619412e-01
1.198334e-01
1.080791e-01
1.282994e-01
3.054004e-01
4.333567e-01
1.707725e-01
9.932419e-02
9.306431e-02
1.272005e-01
4.328015e-01
3.927723e-01
3.957833e-01
2.423764e-01
1.074106e-01
6.445015e-02
1.004282e-01
2.366679e-02
1.340047e-01
2.208158e-01
6.489481e-02
1.272307e-01
3.465488e-02
3.787308e-01
1.030680e-01
2.314875e-01
1.639447e-01
1.740659e-03
4.223479e-02
8.687917e-02
