2.204305e-01
1.898594e-01
5.589279e-02
1.490691e-01
4.166290e-01
1.912197e-01
2.046495e-01
1.139590e-02
7.260066e-02
1.014842e-02
4.509061e-02
8.013067e-02
5.913375e-02
9.786655e-01
1.622946e-01
4.162887e-01
4.682995e-01
1.593726e-01
7.396984e-02
5.167450e-02
8.763912e-02
4.591641e-02
1.131678e-02
5.099468e-01
6.019684e-02
1.229047e-01
1.062136e-01
9.781147e-02
7.293745e-02
2.939002e-01
3.463769e-01
1.815271e-01
5.896502e-02
6.298925e-02
1.152443e-01
3.866251e-02
1.127872e-01
8.846529e-03
4.474972e-01
2.440803e-02
5.664547e-02
8.370349e-02
1.470334e-01
6.901702e-02
2.029303e-01
1.019352e-02
4.274818e-01
6.413236e-02
1.302318e-01
1.102863e-01
2.676482e-01
4.148488e-02
1.084292e-01
6.798199e-02
9.435542e-02
2.263683e-01
2.146105e-01
2.451405e-01
1.788226e-01
1.940373e-01
1.503826e-01
2.467137e-01
6.834260e-02
1.267773e-01
1.258614e-01
3.614769e-02
6.975862e-02
2.108081e-01
1.421158e-01
2.140311e-01
2.604271e-01
9.016034e-02
1.209457e-01
1.735815e-01
2.386743e-01
3.633192e-01
1.132193e-01
1.619930e-01
8.211557e-02
1.405263e-01
2.710065e-01
2.702949e-01
1.651470e-01
2.294497e-01
1.107155e-01
6.526597e-02
9.968428e-02
2.934682e-02
1.373134e-01
1.558700e-01
5.434941e-02
1.943802e-01
3.556685e-02
3.022897e-01
9.182420e-02
2.279801e-01
1.749662e-01
1.740659e-03
5.349740e-02
8.007993e-02
