1.017310e-01
1.878773e-01
2.224658e-01
1.108470e-01
2.131466e-01
1.432226e-01
4.912175e-01
1.321841e-02
7.815147e-02
1.815212e-02
1.435314e-01
3.564922e-02
1.684363e-01
1.421864e-01
3.079079e-01
9.869732e-02
2.363566e-01
9.146719e-02
2.223135e-01
4.734996e-02
3.057394e-02
6.700570e-02
6.044497e-02
6.134534e-02
7.504308e-02
1.686227e-01
4.300441e-01
9.041470e-02
1.655809e-01
7.321760e-02
3.931247e-01
6.329543e-02
9.117424e-02
1.012356e-01
2.810696e-01
3.844366e-02
3.522265e-01
8.088833e-03
7.266591e-01
1.714351e-02
1.427457e-01
3.679014e-02
4.685941e-01
7.087662e-02
1.903317e-01
1.431073e-02
6.226349e-01
6.365995e-02
2.317420e-01
1.589866e-01
2.099603e-01
2.621711e-02
2.729446e-01
5.456824e-02
2.445084e-01
9.611390e-02
1.988833e-01
1.079312e-01
2.865616e-01
1.648362e-01
3.156709e-01
1.587922e-01
3.664495e-01
5.577866e-02
2.313109e-01
3.434065e-02
1.705388e-01
1.240437e-01
2.261674e-01
1.003403e-01
6.710749e-01
6.235601e-02
2.386274e-01
2.067825e-01
2.790943e-01
1.136645e-01
1.982854e-01
1.769977e-01
3.434461e-01
7.865243e-02
1.034675e-01
1.248963e-01
1.567473e-01
1.291901e-01
2.839911e-01
6.764767e-02
1.042240e+00
2.278749e-02
1.390769e-01
1.535464e-01
1.238464e-01
1.517400e-01
8.384788e-02
1.020419e-01
2.509513e-01
1.492728e-01
1.575188e-01
000000
1.661354e-01
8.357002e-02
