1.395704e-01
1.756688e-01
5.927741e-02
1.153891e-01
4.743739e-01
2.226388e-01
1.648898e-01
1.653968e-02
7.698125e-02
1.792541e-02
6.939640e-02
5.763849e-02
6.038725e-02
6.734712e-01
1.674926e-01
4.813195e-01
4.669077e-01
1.875565e-01
5.911960e-02
3.251832e-02
8.004080e-02
3.526233e-02
1.688107e-03
4.625538e-01
5.061554e-02
1.175513e-01
1.087480e-01
5.017576e-02
7.005300e-02
2.917839e-01
3.211374e-01
2.559420e-01
1.090248e-01
7.003377e-02
8.232000e-02
2.185457e-02
8.280604e-02
1.537643e-03
4.704156e-01
2.582385e-02
6.256775e-02
5.933880e-02
1.620377e-01
9.027268e-02
1.960748e-01
5.728430e-03
4.679691e-01
8.998183e-02
1.309302e-01
1.103383e-01
2.327672e-01
1.163314e-01
1.140894e-01
8.506274e-02
9.286181e-02
2.020361e-01
1.886025e-01
2.495558e-01
9.806368e-02
2.070698e-01
1.264972e-01
2.545647e-01
6.221067e-02
1.225523e-01
1.191315e-01
5.075510e-02
6.698130e-02
1.713155e-01
1.249100e-01
2.228914e-01
2.588896e-01
9.681922e-02
1.192082e-01
1.768745e-01
1.934010e-01
3.361413e-01
1.105640e-01
2.043702e-01
7.105954e-02
1.411379e-01
2.912575e-01
3.205072e-01
2.322628e-01
1.831246e-01
1.097437e-01
6.240938e-02
8.891542e-02
5.381720e-02
1.414563e-01
1.546789e-01
6.056358e-02
1.952178e-01
1.763590e-02
2.389328e-01
6.276220e-02
2.300792e-01
1.942445e-01
000000
6.594804e-02
8.421950e-02
