2.330265e-01
1.958676e-01
4.968248e-02
1.238235e-01
4.868474e-01
2.200336e-01
2.336264e-01
1.383787e-02
6.292057e-02
1.420779e-02
4.509061e-02
9.765925e-02
6.712480e-02
6.937376e-01
1.513534e-01
4.349683e-01
4.758527e-01
1.848722e-01
7.222938e-02
3.519858e-02
7.120678e-02
5.118550e-02
2.020853e-02
5.604366e-01
5.678947e-02
1.139336e-01
1.126292e-01
1.106554e-01
7.749604e-02
2.407857e-01
4.046173e-01
1.901712e-01
5.896502e-02
6.805735e-02
1.046803e-01
2.699081e-02
1.156978e-01
1.032095e-02
4.566923e-01
3.748376e-02
6.335348e-02
8.862723e-02
1.229108e-01
9.321779e-02
1.584280e-01
1.411410e-02
4.541994e-01
9.161765e-02
1.285294e-01
1.000917e-01
2.226454e-01
6.305701e-02
1.118176e-01
7.785035e-02
8.790377e-02
2.010150e-01
2.036450e-01
2.218944e-01
1.508816e-01
2.109101e-01
1.446355e-01
2.497595e-01
7.492983e-02
9.508299e-02
1.180439e-01
4.819692e-02
6.539870e-02
1.752343e-01
1.099853e-01
2.158762e-01
2.513424e-01
8.331272e-02
1.200879e-01
1.768160e-01
2.515062e-01
4.027153e-01
1.226542e-01
1.797295e-01
7.335657e-02
1.453720e-01
2.952758e-01
2.893000e-01
2.391784e-01
2.294497e-01
1.049319e-01
5.955520e-02
1.026599e-01
2.934682e-02
1.389678e-01
1.428808e-01
5.110467e-02
1.767093e-01
2.553518e-02
2.605946e-01
9.369816e-02
2.244727e-01
1.570562e-01
000000
5.819015e-02
9.216747e-02
