2.540199e-01
1.730364e-01
4.719836e-02
1.658995e-01
4.259915e-01
2.016975e-01
2.209490e-01
1.383787e-02
5.445050e-02
1.420779e-02
5.354510e-02
1.126837e-01
5.913375e-02
9.910537e-01
1.677652e-01
3.389017e-01
4.783704e-01
1.434353e-01
6.439728e-02
3.220295e-02
1.205038e-01
4.365822e-02
1.778351e-02
5.452897e-01
5.224632e-02
1.273903e-01
1.211833e-01
8.496754e-02
7.673627e-02
3.009821e-01
5.762731e-01
1.267808e-01
4.840412e-02
7.674552e-02
1.104425e-01
2.772029e-02
1.098765e-01
8.846529e-03
4.444321e-01
2.615146e-02
6.260815e-02
7.139416e-02
1.263568e-01
8.246189e-02
8.544433e-02
1.332998e-02
4.595429e-01
2.336250e-01
1.225711e-01
1.177005e-01
3.789709e-01
6.305701e-02
1.016524e-01
7.894683e-02
8.709731e-02
1.720399e-01
2.929355e-01
2.388006e-01
1.709991e-01
2.301933e-01
1.388884e-01
2.665117e-01
8.975112e-02
1.099980e-01
1.180439e-01
4.272000e-02
7.673448e-02
1.976326e-01
1.322295e-01
2.195664e-01
2.377154e-01
1.335286e-01
1.200879e-01
1.250649e-01
2.027448e-01
5.909409e-01
1.094453e-01
1.939187e-01
7.773607e-02
1.538520e-01
2.669617e-01
1.288124e-01
1.822311e-01
1.017981e-01
1.057581e-01
1.036097e-01
1.041478e-01
3.881354e-02
1.257328e-01
1.117068e-01
6.732837e-02
1.696409e-01
4.103868e-02
2.779676e-01
6.933664e-02
2.291492e-01
1.680777e-01
3.481319e-03
6.100581e-02
9.141200e-02
