2.414239e-01
2.006741e-01
8.694434e-02
1.382495e-01
5.383409e-01
2.082461e-01
2.463038e-01
6.511941e-03
6.655061e-02
1.928200e-02
5.354510e-02
8.764292e-02
5.274091e-02
9.662773e-01
1.550004e-01
4.269628e-01
4.582285e-01
1.338730e-01
7.484008e-02
5.017669e-02
5.477445e-02
5.043278e-02
1.940019e-02
4.342122e-01
7.041895e-02
1.193163e-01
5.275037e-02
9.188350e-02
8.281439e-02
1.770483e-01
5.456203e-01
2.852568e-01
6.864584e-02
4.488889e-02
1.171651e-01
4.158043e-02
9.168504e-02
2.948843e-03
4.566923e-01
3.748376e-02
5.515480e-02
1.107840e-01
1.424386e-01
7.529129e-02
1.655484e-01
6.272934e-03
4.729017e-01
7.100368e-02
1.191664e-01
8.155624e-02
2.439625e-01
5.476004e-02
1.143589e-01
7.346441e-02
1.024200e-01
1.937712e-01
1.472510e-01
2.768397e-01
1.531169e-01
1.843957e-01
1.532561e-01
2.604200e-01
8.398729e-02
1.659291e-01
1.289884e-01
4.381538e-02
6.539870e-02
9.354611e-02
1.174000e-01
1.346920e-01
2.180320e-01
3.880319e-02
1.012170e-01
1.638782e-01
3.772594e-01
1.882256e-01
1.226542e-01
1.820944e-01
9.744381e-02
1.381034e-01
3.478592e-01
1.245891e-01
3.872412e-01
1.777427e-01
1.074106e-01
1.313478e-01
1.175382e-01
2.082678e-02
1.505485e-01
2.052288e-01
6.246126e-02
2.285440e-01
3.739080e-02
4.169513e-01
8.058042e-02
2.279801e-01
1.391463e-01
8.703297e-04
5.255885e-02
8.687917e-02
