2.237548e-02
1.057413e-01
000000
000000
000000
4.549336e-02
1.239346e-01
1.387803e-02
3.042351e-01
3.124805e-02
5.671468e-02
7.727172e-02
1.190611e-02
000000
000000
000000
2.613170e-01
1.987880e-02
4.040965e-02
6.271846e-02
000000
4.449242e-01
1.522257e-01
000000
1.828205e-01
1.578645e-01
4.802794e-02
000000
1.713515e-01
8.225253e-02
2.903270e-01
000000
1.500446e-01
1.098592e-01
2.005823e-02
6.398956e-02
1.473967e-01
000000
1.715314e-01
6.662033e-02
2.092548e-01
1.916120e-01
8.708331e-02
2.428194e-01
1.877858e-01
9.652330e-02
000000
000000
5.951511e-02
1.634588e-01
7.688860e-02
6.853523e-02
1.718638e-01
1.742405e-02
000000
2.624352e-03
000000
1.013003e-01
000000
1.217429e-01
5.019980e-02
5.510147e-02
000000
4.457012e-01
1.496718e-01
9.248603e-03
000000
1.587496e-01
2.268366e-02
1.416981e-03
5.494302e-02
1.332962e-01
1.034379e-01
000000
000000
000000
7.053853e-02
000000
2.756909e-01
2.440908e-02
1.347858e-01
000000
5.944987e-02
2.645364e-01
1.705571e-01
8.623069e-02
000000
7.427637e-02
000000
4.620685e-02
7.600088e-02
000000
1.218194e-01
2.048084e-01
000000
2.276096e-01
1.866928e-01
8.226678e-03
1.946715e-01
3.794342e-02
