1.834190e-02
1.069042e-01
000000
000000
000000
4.066344e-02
2.144672e-02
1.757158e-01
4.747733e-02
4.927450e-02
3.079339e-02
1.884993e-01
1.756153e-02
000000
000000
000000
5.482690e-02
8.556239e-02
3.002468e-02
2.294086e-01
000000
1.832680e-01
8.788508e-02
000000
1.276944e-01
8.842437e-02
4.914313e-02
000000
7.970207e-02
4.072950e-02
1.560627e-02
000000
1.166962e-01
1.872847e-01
2.074528e-02
1.089825e-01
1.043420e-01
000000
4.440996e-02
1.815317e-01
1.174854e-01
1.931570e-01
6.608713e-02
3.348725e-01
1.391674e-01
2.312726e-01
000000
000000
6.456550e-02
1.128049e-01
8.475221e-02
2.164602e-01
1.360418e-01
6.560963e-02
000000
6.930268e-02
000000
7.889767e-02
000000
1.513418e-01
6.598597e-02
1.380278e-01
000000
6.832924e-01
1.056938e-01
3.049885e-02
000000
2.966576e-01
3.020927e-02
7.099866e-03
3.429360e-02
2.224043e-01
1.294272e-01
000000
000000
000000
1.049003e-01
8.803302e-03
9.220021e-02
6.675343e-02
1.904368e-01
000000
4.738071e-02
2.376607e-01
5.510511e-02
1.173353e-01
000000
2.563787e-01
000000
9.533512e-02
6.036832e-02
000000
1.293480e-01
6.567355e-02
000000
6.133396e-01
7.439797e-02
2.235117e-02
1.388883e-01
8.884851e-02
