7.607664e-02
7.704009e-02
9.737458e-02
000000
000000
000000
2.219724e-01
000000
2.401856e-01
4.166407e-02
2.896069e-02
6.954455e-02
000000
000000
1.130894e-01
000000
3.257978e-01
5.581355e-02
000000
5.834276e-02
000000
000000
8.524638e-02
3.964087e-02
2.104561e-01
1.955634e-01
4.496233e-02
1.104513e-01
1.337378e-01
8.682212e-02
000000
1.041155e-01
1.564024e-01
1.014085e-01
5.348862e-02
000000
1.293815e-01
3.282075e-02
1.678025e-01
7.904107e-02
4.772478e-02
1.758826e-01
6.705415e-02
2.880505e-01
1.742922e-01
9.164839e-02
6.779449e-02
1.561631e-02
7.024735e-02
1.140410e-02
000000
3.313791e-02
1.427578e-01
2.296807e-02
6.405991e-02
2.624352e-03
000000
000000
2.061200e-01
5.264557e-02
8.335061e-02
4.791432e-02
000000
000000
2.146808e-01
1.387290e-02
3.954065e-01
000000
000000
9.352077e-02
1.289048e-01
000000
1.318549e-01
4.320016e-01
1.548584e-01
1.505717e-01
1.818003e-02
1.360266e-01
2.321608e-01
9.294225e-02
1.057813e-01
4.342107e-02
6.369629e-02
2.170025e-01
000000
9.652689e-02
000000
000000
1.135345e-01
000000
8.200095e-02
4.136152e-01
9.967041e-02
2.792841e-01
2.224540e-02
1.981907e-01
2.818005e-02
7.609677e-02
2.268486e-01
4.235544e-02
