8.197801e-02
8.543446e-02
9.246529e-02
000000
9.749579e-03
1.648092e-01
3.920985e-02
000000
1.343719e-02
1.204636e-01
8.391477e-02
1.552019e-01
7.912256e-02
000000
4.893963e-02
000000
7.940806e-02
7.029186e-02
2.388430e-02
000000
000000
1.264242e-02
1.080009e-01
4.957735e-01
7.644641e-02
1.771404e-01
6.639672e-02
7.394913e-02
000000
000000
1.643782e-02
1.734909e-01
1.627789e-01
3.308670e-02
1.203132e-01
000000
5.439752e-02
4.519895e-02
2.954100e-02
5.067996e-02
000000
000000
1.189642e-01
1.269959e-01
1.188565e-01
6.548651e-02
7.056139e-02
2.297278e-01
1.449892e-01
1.235086e-01
4.604496e-02
1.226831e-01
1.358920e-01
1.015131e-01
7.714231e-02
2.804428e-01
6.906197e-02
000000
1.065637e-01
1.782938e-01
6.992413e-02
1.135938e-01
6.113459e-02
000000
7.928285e-02
1.952263e-01
3.829360e-02
000000
000000
1.492293e-01
5.573036e-02
3.787074e-03
1.544269e-01
7.547816e-02
1.381164e-01
1.344509e-01
2.573918e-02
8.143250e-02
000000
4.210112e-01
3.657075e-02
1.278777e-01
5.843477e-02
2.841512e-01
1.074504e-02
2.273007e-01
000000
000000
6.544093e-02
000000
1.018152e-01
2.667171e-01
1.303077e-01
1.870692e-01
7.329973e-02
5.518626e-02
000000
7.215705e-02
1.349956e-01
1.119599e-01
