1.790039e-02
1.253790e-01
000000
000000
000000
3.412002e-02
1.368830e-01
1.387803e-02
2.775478e-01
9.258683e-02
5.188790e-02
6.336281e-02
1.265024e-02
000000
000000
000000
2.205922e-01
2.446621e-02
3.419278e-02
5.177920e-02
000000
3.925802e-01
1.826708e-01
000000
1.934496e-01
1.413712e-01
6.029040e-02
000000
3.238962e-01
1.188092e-01
3.161339e-01
000000
1.106261e-01
1.014085e-01
2.005823e-02
6.142998e-02
1.801515e-01
000000
2.423814e-01
9.033266e-02
2.276105e-01
1.201150e-01
7.750415e-02
2.809087e-01
1.911592e-01
7.312371e-02
000000
000000
6.146643e-02
1.824657e-01
4.543418e-02
4.368179e-02
1.774078e-01
3.643210e-02
000000
6.123487e-03
000000
9.209116e-02
000000
1.645174e-01
4.735830e-02
5.989290e-02
000000
4.211672e-01
1.814204e-01
1.109832e-02
000000
1.338220e-01
3.276529e-02
1.416981e-03
5.388642e-02
1.101915e-01
1.204881e-01
000000
000000
000000
7.053853e-02
000000
2.321608e-01
2.440908e-02
1.262551e-01
000000
5.095703e-02
2.356028e-01
1.247358e-01
4.504588e-02
000000
9.358822e-02
000000
3.574492e-02
6.000069e-02
000000
1.199736e-01
3.025578e-01
000000
1.130306e-01
4.931508e-02
2.056669e-03
2.718965e-01
3.794342e-02
