9.445001e-03
5.628398e-02
000000
000000
000000
5.890071e-02
1.141368e-01
2.499765e-02
3.078929e-01
6.203958e-02
8.773607e-02
2.748474e-02
9.930628e-03
000000
000000
000000
4.109169e-01
1.339978e-02
3.179218e-02
5.563862e-02
000000
4.870363e-01
1.694206e-01
000000
1.941712e-01
1.791103e-01
9.171120e-02
000000
1.149752e-01
7.161134e-02
3.830180e-01
000000
1.921200e-01
1.090846e-01
3.635270e-02
4.626141e-02
1.440325e-01
000000
2.808274e-01
1.152458e-01
1.757860e-01
1.588082e-01
5.255013e-02
2.518003e-01
1.917998e-01
7.029401e-02
000000
000000
6.536906e-02
1.609017e-01
8.562746e-02
7.014917e-02
2.057839e-01
4.431235e-02
000000
8.622914e-04
000000
1.291862e-01
000000
1.350895e-01
4.258533e-02
1.042987e-01
000000
4.667640e-01
1.316182e-01
5.449761e-02
000000
1.791708e-01
3.174382e-02
1.470764e-03
2.239657e-02
9.442164e-02
9.524961e-02
000000
000000
000000
8.629738e-02
6.291379e-03
3.504415e-01
2.021819e-03
7.981367e-02
000000
5.083088e-02
2.454124e-01
1.657400e-01
1.494134e-01
000000
2.026806e-01
000000
4.015581e-02
6.000069e-02
000000
1.023702e-01
1.831382e-01
000000
2.273230e-01
2.423203e-01
2.091479e-02
2.027099e-01
8.929072e-02
