2.088378e-02
1.087625e-01
000000
000000
000000
4.265003e-02
1.220848e-01
1.795981e-02
2.615354e-01
4.050674e-02
4.585442e-02
6.336281e-02
2.455635e-02
000000
000000
000000
3.122229e-01
2.370164e-02
3.315663e-02
6.198918e-02
000000
5.321643e-01
1.872376e-01
000000
9.991353e-02
1.649330e-01
7.664034e-02
000000
2.131446e-01
6.397419e-02
2.516168e-01
000000
1.347858e-01
1.166197e-01
1.838671e-02
6.270977e-02
1.965289e-01
000000
5.220522e-02
8.920350e-02
2.422950e-01
1.687329e-01
8.621248e-02
2.475806e-01
1.855369e-01
8.384853e-02
000000
000000
7.707695e-02
1.748629e-01
7.514114e-02
5.723821e-02
1.732498e-01
2.138406e-02
000000
8.747839e-04
000000
1.031421e-01
000000
1.480657e-01
6.251296e-02
4.551860e-02
000000
1.921831e-01
1.315298e-01
1.849721e-02
000000
1.574376e-01
4.788773e-02
000000
4.860344e-02
8.530955e-02
1.182147e-01
000000
000000
000000
7.199293e-02
000000
2.297425e-01
1.408216e-02
1.339327e-01
000000
4.883382e-02
2.604030e-01
1.196445e-01
1.274155e-01
000000
8.170401e-02
000000
5.492512e-02
9.400109e-02
000000
1.218194e-01
2.420463e-01
000000
7.277313e-02
4.579258e-01
8.226678e-03
2.686788e-01
4.853228e-02
