1.342529e-02
1.253790e-01
000000
000000
000000
4.691503e-02
1.997751e-01
2.530700e-02
1.334364e-01
5.208009e-02
6.998832e-02
5.640836e-02
2.083569e-02
000000
000000
000000
2.748919e-01
7.569235e-02
1.657832e-02
3.573494e-02
000000
5.147163e-01
1.583147e-01
000000
2.550984e-01
2.921671e-01
6.846537e-02
000000
1.483653e-01
1.279484e-01
2.064548e-01
000000
1.106261e-01
1.123944e-01
2.256551e-02
5.247144e-02
2.047176e-01
000000
2.759419e-01
8.242855e-02
1.982414e-01
1.201150e-01
8.185831e-02
3.142369e-01
1.832880e-01
2.047464e-02
000000
000000
9.268747e-02
1.463527e-01
7.426740e-02
5.799135e-02
1.884958e-01
1.108803e-02
000000
2.012003e-02
000000
4.236193e-02
000000
1.941305e-01
4.925263e-02
6.708005e-02
000000
4.211672e-01
1.753730e-01
2.034693e-02
000000
1.325100e-01
1.680271e-02
5.667926e-03
4.437705e-02
7.820042e-02
1.170781e-01
000000
000000
000000
6.762972e-02
000000
2.708543e-01
1.877621e-02
1.313735e-01
000000
5.414184e-02
2.521363e-01
1.680114e-01
9.910094e-02
000000
1.559804e-01
000000
2.615482e-02
1.350016e-01
000000
1.550429e-01
3.351410e-01
000000
2.167710e-01
1.620353e-01
3.496338e-02
2.155866e-01
1.500089e-02
