1.342529e-02
1.042307e-01
000000
000000
000000
3.269835e-02
1.183853e-01
2.285794e-02
2.508605e-01
4.282141e-02
6.154146e-02
6.799912e-02
1.860330e-02
000000
000000
000000
2.545295e-01
2.523078e-02
3.212049e-02
6.563560e-02
000000
5.016303e-01
2.055047e-01
000000
1.891980e-01
1.531521e-01
5.926853e-02
000000
1.191102e-01
5.026544e-02
3.290373e-01
000000
1.182555e-01
1.115493e-01
1.086488e-02
7.550768e-02
1.490344e-01
000000
1.864472e-01
8.129939e-02
1.872280e-01
1.787425e-01
9.143748e-02
3.023340e-01
1.990305e-01
7.994859e-02
000000
000000
6.536906e-02
1.767636e-01
5.766645e-02
7.004150e-02
1.898818e-01
2.534407e-02
000000
6.123487e-03
000000
1.326113e-01
000000
1.710981e-01
3.693948e-02
7.306934e-02
000000
3.352982e-01
2.010742e-01
1.664749e-02
000000
1.377579e-01
2.604421e-02
2.833963e-03
6.233920e-02
1.173006e-01
1.102580e-01
000000
000000
000000
7.417453e-02
6.801328e-03
3.216394e-01
2.065383e-02
1.288143e-01
000000
4.034098e-02
2.066691e-01
1.832852e-01
9.652689e-02
000000
6.387768e-02
000000
4.271954e-02
7.900091e-02
000000
1.135135e-01
2.420463e-01
000000
2.338030e-01
2.289629e-01
5.141673e-03
2.059334e-01
4.500266e-02
