3.132568e-02
1.072519e-01
000000
000000
000000
3.838502e-02
1.202350e-01
1.632710e-02
2.722103e-01
3.356272e-02
5.430129e-02
6.413553e-02
1.413851e-02
000000
000000
000000
2.273797e-01
3.058277e-02
3.315663e-02
6.125989e-02
000000
4.318382e-01
1.918043e-01
000000
1.679398e-01
1.696454e-01
5.824665e-02
000000
1.838894e-01
2.284793e-02
1.419377e-01
000000
1.373289e-01
1.064789e-01
1.838671e-02
4.223311e-02
1.162796e-01
000000
1.864472e-01
7.678276e-02
1.964058e-01
1.773126e-01
7.663332e-02
2.642447e-01
1.866614e-01
8.092358e-02
000000
000000
6.439340e-02
1.558561e-01
8.300474e-02
5.648508e-02
2.009698e-01
2.217606e-02
000000
8.747839e-04
000000
1.362949e-01
000000
1.579367e-01
4.925263e-02
6.228862e-02
000000
3.802772e-01
1.783967e-01
1.479776e-02
000000
1.535017e-01
2.352380e-02
1.416981e-03
6.867877e-02
1.137461e-01
1.227615e-01
000000
000000
000000
6.981133e-02
000000
3.119661e-01
1.689859e-02
1.339327e-01
000000
5.095703e-02
1.880689e-01
1.756483e-01
8.365664e-02
000000
6.387768e-02
000000
4.620685e-02
7.400086e-02
000000
1.098220e-01
2.560105e-01
000000
2.245128e-01
2.536204e-01
8.226678e-03
1.930626e-01
3.882582e-02
