8.950193e-03
1.132942e-01
000000
000000
000000
3.269835e-02
1.146857e-01
1.551074e-02
1.814735e-01
4.050674e-02
5.792137e-02
6.799912e-02
1.637090e-02
000000
000000
000000
3.020417e-01
2.828906e-02
3.315663e-02
5.834276e-02
000000
4.536482e-01
1.720150e-01
000000
2.062045e-01
1.625768e-01
7.664034e-02
000000
1.295585e-01
5.026544e-02
2.903270e-01
000000
1.195270e-01
1.166197e-01
1.504368e-02
4.735227e-02
1.588609e-01
000000
2.162788e-01
8.017023e-02
2.074192e-01
1.858922e-01
6.705415e-02
2.404388e-01
1.799146e-01
7.799863e-02
000000
000000
6.439340e-02
1.919691e-01
6.727753e-02
5.723821e-02
1.968118e-01
3.564010e-02
000000
3.499136e-03
000000
8.288204e-02
000000
1.020008e-01
5.398846e-02
5.270575e-02
000000
3.434762e-01
1.526955e-01
1.942207e-02
000000
1.430059e-01
2.604421e-02
1.416981e-03
6.973537e-02
1.119688e-01
1.034379e-01
000000
000000
000000
6.908413e-02
6.801328e-03
3.143844e-01
1.408216e-02
1.236958e-01
000000
4.034098e-02
2.211359e-01
1.731027e-01
7.979556e-02
000000
9.061717e-02
000000
4.620685e-02
8.100094e-02
000000
1.144364e-01
2.792841e-01
000000
2.399965e-01
2.360079e-01
4.113339e-03
1.930626e-01
4.676747e-02
