9.099363e-02
1.540802e-01
4.354148e-02
000000
000000
1.435884e-01
000000
1.387803e-02
1.707986e-01
3.819207e-02
1.037758e-01
6.799912e-02
4.836857e-02
000000
2.700297e-01
2.192918e-02
1.085993e-01
2.140794e-02
1.025783e-01
1.531497e-02
000000
5.975943e-01
2.207272e-01
5.662981e-03
1.615623e-01
1.979196e-01
8.072782e-02
000000
9.821368e-02
000000
4.000061e-01
000000
1.233417e-01
6.253522e-02
7.103958e-02
1.548547e-01
1.506722e-01
000000
2.200077e-01
2.258316e-02
1.248186e-01
2.573892e-02
1.254000e-01
8.570097e-02
1.338115e-01
4.777416e-02
000000
000000
9.756576e-02
3.098115e-01
1.205753e-01
7.531344e-02
1.940398e-01
2.376007e-02
1.150464e-01
1.312176e-02
1.835449e-02
1.289276e-01
2.358310e-01
3.619383e-01
000000
5.031004e-02
7.251469e-02
2.698741e-01
6.954447e-02
3.699441e-02
000000
8.134279e-02
000000
9.635474e-02
5.916941e-02
1.564008e-01
4.319385e-02
000000
2.090588e-01
000000
6.908413e-02
000000
1.426822e-01
000000
7.421750e-02
000000
3.503296e-02
2.273360e-01
2.774735e-01
8.751771e-02
000000
2.228291e-02
3.784485e-02
1.220558e-02
4.100047e-02
000000
1.116678e-01
4.049620e-01
7.670829e-04
1.532881e-01
1.127202e-01
000000
2.477637e-01
2.735456e-02
