1.903578e-01	7.288708e-01	7.954135e-01	2.952178e-01	6.380514e-01	5.754326e-01	3.841017e-01	5.174056e-01	7.550412e-01	5.743446e-01
6.110516e-01	4.826285e-01	6.815995e-01	7.110171e-01	5.873127e-01	9.095469e-01	4.668695e-01	2.929091e-01	1.375658e-01	9.395790e-01
8.769835e-01	3.041101e-01	2.065321e-01	6.589911e-01	5.590907e-02	1.280588e-01	9.024558e-01	3.704543e-01	4.177613e-01	6.213938e-01
6.908457e-01	8.432135e-01	3.756545e-01	7.375779e-01	9.527742e-01	7.703427e-01	1.828421e-01	7.300791e-01	5.528239e-02	4.201813e-01
2.350807e-01	6.025027e-02	9.928112e-01	1.505639e-01	2.298544e-01	9.303285e-01	7.770470e-01	8.143798e-01	1.184554e-01	2.194163e-01
3.789313e-01	1.956340e-01	4.962899e-01	6.901519e-01	6.516704e-01	4.155200e-01	7.605802e-01	7.354687e-01	8.997685e-01	4.838673e-01
3.997402e-01	5.171614e-01	5.535622e-01	3.198903e-01	3.285595e-01	8.307904e-01	8.084818e-01	8.993401e-01	4.928503e-01	3.385144e-01
5.609281e-01	4.428675e-01	4.629112e-01	9.258926e-01	6.224448e-01	7.235324e-03	8.041590e-01	2.090256e-02	6.813445e-03	4.536381e-01
8.307981e-01	5.364091e-01	6.790028e-01	7.305894e-01	9.239683e-02	3.056683e-01	6.704339e-01	6.264677e-01	2.515192e-01	4.400887e-01
1.876672e-02	7.312282e-01	4.216032e-01	5.323096e-01	1.555814e-01	6.405699e-01	6.379134e-02	8.875424e-01	1.399296e-01	2.160414e-01
1.334443e-01	3.157913e-01	9.007836e-01	4.188838e-01	4.982481e-01	1.388154e-01	5.668023e-01	4.263836e-01	4.947488e-01	6.540543e-01
5.885993e-01	1.858195e-01	5.972008e-01	2.940173e-03	8.682895e-01	9.908031e-01	9.875042e-01	5.232677e-01	1.492651e-01	8.661267e-01
5.515297e-01	8.480717e-01	1.980890e-01	9.328302e-01	9.020420e-01	3.163315e-01	2.835100e-01	1.688759e-01	5.074171e-01	1.122411e-01
7.785168e-01	3.837468e-01	8.222541e-02	1.703543e-01	2.762541e-01	3.537379e-01	3.849188e-01	1.413678e-01	7.856838e-01	4.943954e-01
8.357726e-01	1.090483e-01	3.954539e-01	3.200917e-01	6.623250e-01	7.756717e-01	7.137968e-01	9.723606e-01	7.892898e-01	5.632646e-01
3.991704e-01	2.006866e-01	5.385516e-01	6.583440e-02	6.351605e-01	3.574758e-01	6.418508e-01	5.066970e-01	6.295670e-01	3.012516e-01
9.486406e-01	4.418804e-01	3.324568e-01	2.768989e-02	2.266605e-01	4.641140e-01	4.751301e-01	6.228424e-01	4.080096e-01	7.754343e-01
4.984785e-02	9.391771e-01	1.139706e-01	4.861528e-01	8.787706e-01	4.084038e-01	4.569826e-01	3.977411e-01	4.747847e-01	4.113770e-01
2.400570e-01	6.165162e-01	2.139849e-01	7.987855e-01	5.195131e-01	4.022244e-01	8.592282e-01	5.350284e-01	5.790769e-01	8.464366e-01
9.261258e-01	6.863993e-01	9.413257e-01	9.970648e-01	7.052870e-01	5.440070e-01	3.750505e-01	7.954457e-01	9.670351e-01	6.224334e-01
3.109373e-01	7.659703e-01	8.787153e-01	1.768440e-01	5.905919e-01	3.270574e-01	2.443046e-01	9.683398e-02	5.847725e-01	1.439270e-01
6.381980e-01	9.750561e-01	8.816995e-01	9.849854e-01	2.480910e-01	5.615256e-01	8.486823e-01	6.533435e-01	3.102728e-01	1.809746e-01
6.235830e-01	2.006197e-01	1.232301e-01	8.062347e-01	2.273922e-01	8.759451e-01	7.337888e-01	7.594105e-01	2.423658e-01	1.592398e-01
3.355518e-01	1.253805e-01	6.679372e-01	1.721812e-01	3.424150e-01	8.829501e-01	8.905529e-01	4.141663e-01	4.440041e-01	9.748215e-01
8.759108e-01	8.042916e-01	1.109828e-01	6.761650e-01	2.823024e-01	7.068946e-01	5.750321e-01	8.529322e-01	6.380435e-01	3.900793e-01
1.177288e-01	2.991479e-01	3.295833e-01	8.378150e-01	5.730829e-01	6.666565e-01	6.188298e-01	1.287995e-01	6.979827e-01	7.971021e-01
5.717370e-02	5.573253e-01	8.552339e-02	9.402409e-01	4.445751e-01	8.728430e-01	6.108008e-01	3.878130e-01	2.685460e-01	4.224113e-01
9.403405e-01	6.198340e-02	3.664867e-01	5.461663e-01	6.689279e-01	7.546335e-01	5.664615e-01	6.011879e-01	3.331185e-01	7.654109e-01
1.707385e-01	3.738840e-01	7.923575e-02	9.802543e-01	9.298622e-01	5.271720e-01	5.205617e-01	6.083254e-01	7.811346e-02	4.535607e-01
3.819642e-01	8.928354e-01	2.029040e-01	2.485401e-01	3.061503e-01	5.488466e-01	6.850222e-01	5.808245e-01	3.563801e-01	8.679062e-02
3.163075e-01	4.814321e-01	5.285242e-02	1.069318e-01	3.007936e-02	7.807271e-01	1.266452e-01	1.318871e-02	4.067968e-01	4.422108e-02
2.293708e-01	7.578780e-01	1.552499e-01	1.145429e-01	2.809485e-01	8.248208e-01	7.530639e-01	7.973679e-01	3.965564e-01	1.078158e-01
5.945899e-01	6.626772e-01	2.176467e-01	8.092141e-01	3.918540e-01	4.628696e-02	6.181829e-01	1.221927e-01	3.015914e-02	6.253431e-01
2.825585e-01	6.085039e-01	9.435233e-01	9.859962e-01	3.286737e-01	8.999836e-01	1.472791e-01	3.598297e-01	3.907699e-01	9.060311e-01
5.899901e-01	8.888585e-01	7.173908e-01	6.071485e-01	6.532216e-01	9.431801e-01	6.095640e-01	6.420733e-01	1.039718e-01	7.843081e-01
3.940947e-01	2.171587e-01	2.494672e-01	9.638510e-01	1.936163e-01	7.950504e-01	4.882571e-01	6.719922e-01	2.855225e-01	4.879288e-01
9.921157e-01	1.269817e-01	1.380198e-01	9.677745e-01	8.958661e-01	7.596827e-01	2.993312e-01	2.508898e-01	7.587560e-01	9.239307e-01
6.282453e-01	1.170729e-01	6.345443e-01	3.824236e-01	4.739242e-01	2.736678e-01	2.850509e-01	1.719788e-01	2.274471e-01	6.853587e-01
6.969833e-01	3.913546e-01	8.213149e-01	1.075953e-01	5.874889e-01	8.518666e-01	6.124342e-01	9.408414e-01	2.229851e-01	2.570958e-01
9.690029e-01	8.712435e-01	9.608306e-01	8.705290e-01	2.116854e-01	8.140625e-01	7.142092e-01	9.992848e-01	4.445960e-01	1.405394e-01
2.305021e-03	4.105451e-01	9.458743e-01	9.430074e-01	8.354266e-01	2.538608e-01	9.748741e-01	7.129199e-01	2.876927e-02	4.055214e-01
6.728768e-01	6.563066e-01	5.936533e-01	5.076195e-02	8.782341e-01	2.320953e-01	9.228806e-01	4.688919e-01	8.950280e-01	1.684942e-02
6.440301e-01	9.412369e-01	5.801625e-01	6.547929e-01	3.204482e-01	2.851364e-01	8.580238e-01	3.122369e-01	7.895037e-01	4.857692e-01
3.546132e-01	4.434526e-01	8.621107e-01	8.623455e-01	5.350582e-01	3.384357e-01	8.397463e-01	7.082217e-01	8.589595e-01	8.263171e-01
9.340043e-01	6.112212e-01	4.146724e-01	3.664491e-01	5.901781e-01	1.429939e-03	6.492857e-01	1.979147e-02	3.552753e-02	2.884574e-01
2.672212e-02	4.111871e-01	5.666638e-01	8.795854e-01	3.606125e-01	8.326600e-01	6.448117e-01	9.002069e-01	4.630987e-01	4.192062e-01
5.916128e-03	8.718594e-01	3.893201e-01	1.542911e-03	6.821097e-01	4.212666e-01	6.616159e-01	7.346115e-01	9.333788e-01	2.740365e-01
6.102983e-01	2.682140e-01	4.932891e-03	3.684485e-02	3.087687e-01	2.015423e-02	5.125992e-02	4.868170e-01	9.672482e-01	4.501729e-01
2.449266e-01	1.837283e-01	6.754375e-02	8.557842e-01	4.246789e-01	8.665591e-01	3.265179e-01	6.866494e-01	5.844980e-01	7.839530e-01
3.871310e-01	8.765769e-01	5.232251e-01	8.506503e-01	8.646075e-01	1.114933e-01	4.685614e-01	7.226812e-01	6.993554e-01	1.553019e-01
9.880369e-01	5.885425e-01	6.986685e-01	2.657894e-02	6.175425e-01	9.116142e-01	1.110540e-01	2.918208e-01	1.701861e-01	8.025165e-01
2.718939e-01	7.364147e-01	5.049503e-02	4.824896e-01	4.513310e-01	7.743746e-02	6.097112e-01	3.149245e-01	1.933212e-01	6.729970e-01
7.868627e-01	3.914484e-01	5.739629e-01	8.823063e-01	7.293217e-01	2.218912e-01	4.539218e-01	2.266181e-01	1.290372e-01	9.998037e-01
4.791706e-01	2.997943e-01	4.923979e-01	6.287517e-01	6.938944e-01	6.478919e-01	4.018411e-01	2.630900e-01	2.897529e-01	1.362294e-01
8.978496e-01	7.827860e-01	3.621912e-01	9.181216e-01	8.712149e-01	8.253303e-02	1.777080e-01	7.894557e-01	4.727051e-02	3.942014e-01
7.430002e-03	4.070844e-01	4.053153e-01	2.553070e-01	3.441642e-01	8.943668e-01	7.654929e-01	8.574637e-01	1.950963e-01	3.655006e-01
1.325490e-01	8.829862e-01	7.542264e-01	4.856328e-01	5.928382e-01	5.963073e-01	9.950611e-02	2.894386e-01	4.969494e-01	7.165708e-01
9.435492e-01	8.140983e-01	2.798394e-02	3.088527e-01	6.551400e-01	4.574545e-01	6.349499e-01	3.633785e-02	1.114797e-01	9.398034e-01
8.414451e-01	2.326475e-01	5.404985e-01	6.735611e-01	9.997311e-01	9.587207e-01	1.396675e-01	5.288075e-01	2.577568e-01	3.775722e-01
5.419990e-01	9.565621e-01	1.207049e-01	6.826007e-01	3.049233e-01	2.038991e-01	2.985081e-02	5.686958e-01	4.036411e-01	5.618961e-01
4.988682e-01	9.217240e-02	8.494813e-01	5.927457e-01	8.817266e-01	5.001298e-01	6.457459e-01	1.650280e-01	3.267314e-01	8.125015e-01
7.106977e-01	1.897794e-02	4.219735e-01	4.601952e-01	5.474553e-01	5.087351e-01	9.899489e-01	5.090514e-01	1.094554e-01	5.097282e-03
8.593442e-01	5.564728e-01	7.493713e-01	7.557107e-01	4.001268e-01	5.314212e-01	5.292006e-01	8.254459e-01	6.206846e-01	7.950901e-01
5.266437e-01	6.994112e-01	2.458948e-01	3.410769e-01	9.781928e-01	4.880812e-02	5.122127e-01	7.477561e-01	4.018709e-01	5.331739e-01
5.309653e-01	5.886318e-01	9.471038e-01	9.867009e-01	6.983374e-01	4.494832e-02	9.553574e-01	5.016725e-01	2.013593e-01	4.504946e-01
4.764041e-01	9.281027e-02	7.275950e-01	5.311625e-01	4.070937e-01	8.539876e-02	9.757788e-01	4.796959e-01	1.345885e-01	8.613472e-01
1.506614e-01	7.809693e-01	4.322410e-01	7.807425e-01	3.394668e-01	4.120850e-02	1.964121e-01	1.481299e-01	3.575072e-01	2.533874e-01
8.871821e-01	2.271773e-01	1.643069e-01	4.364078e-01	4.821343e-01	7.729086e-01	3.193606e-01	8.754678e-01	6.382496e-01	7.692690e-01
2.983916e-01	1.904686e-02	9.778586e-01	6.696889e-01	8.022634e-02	2.246407e-01	8.862997e-01	7.560948e-01	5.122933e-01	3.928707e-01
7.463219e-01	1.364418e-01	4.050853e-01	3.216289e-01	6.866102e-01	2.747780e-01	1.334591e-01	6.997580e-01	5.488885e-02	4.852035e-01
5.148487e-01	9.069109e-01	5.997412e-01	3.754140e-01	6.657878e-01	1.627511e-01	2.526976e-01	8.360963e-01	4.976897e-01	4.790326e-01
2.872425e-01	9.820624e-01	1.756789e-01	5.094350e-01	7.810030e-01	1.703946e-01	9.597944e-02	4.937152e-01	1.905742e-01	6.716303e-01
7.852436e-01	1.424662e-01	4.899693e-01	8.855860e-01	2.133820e-01	1.941320e-01	1.399403e-01	6.737729e-01	8.384261e-01	1.292433e-01
2.302139e-01	9.390129e-01	9.573570e-01	5.601383e-01	6.251432e-01	4.417325e-02	7.622247e-01	6.411918e-01	5.201256e-01	5.828644e-01
6.964375e-01	3.682450e-03	3.930944e-01	1.214314e-02	8.714604e-01	4.398750e-01	5.272747e-01	2.056734e-01	6.777342e-01	3.685384e-01
3.834754e-01	1.975485e-01	6.352058e-01	1.888623e-01	9.352337e-01	6.138841e-01	2.385000e-01	4.685483e-01	8.078309e-01	1.005757e-01
4.754036e-01	7.659978e-01	3.434808e-02	8.684711e-01	8.430096e-01	1.893596e-01	5.364890e-01	8.485931e-01	4.106165e-01	8.466642e-01
6.488760e-01	9.761439e-02	2.468368e-01	6.523616e-01	6.549182e-01	6.495643e-02	3.529617e-02	9.685617e-01	7.419430e-01	7.896136e-01
5.905353e-01	5.286064e-01	4.982614e-03	5.156036e-01	9.307278e-01	3.593211e-01	5.244049e-01	3.755355e-01	5.584653e-01	8.408492e-01
5.416583e-01	7.057513e-01	9.429794e-01	6.790464e-01	7.582333e-01	2.394679e-01	3.135274e-01	3.091105e-02	5.663838e-01	3.173427e-01
2.488887e-02	4.223065e-01	4.351366e-01	2.170300e-01	4.353590e-02	8.720258e-02	7.202361e-01	4.275597e-01	5.021275e-01	9.887020e-03
9.698461e-01	9.274709e-01	1.536228e-01	3.004977e-01	8.196466e-01	3.149239e-02	7.080008e-01	5.930831e-01	5.681649e-01	6.770807e-01
2.089431e-01	8.585724e-01	2.405032e-01	8.228758e-02	4.898980e-01	5.939969e-01	7.741156e-01	3.136186e-01	9.782588e-01	5.457754e-01
7.757530e-01	6.178158e-02	7.106080e-01	4.716829e-01	9.209083e-01	6.364212e-01	1.518321e-01	3.439947e-01	6.637391e-01	2.484037e-01
7.904479e-01	4.961788e-01	7.231561e-01	7.723750e-01	9.343934e-01	5.066250e-01	7.373131e-01	5.855850e-01	7.460068e-01	8.722035e-01
3.433523e-01	8.930370e-01	8.585502e-01	7.995897e-01	5.715393e-02	9.346142e-01	9.571048e-02	3.331234e-01	6.546358e-01	9.153053e-01
4.185507e-01	1.810396e-01	1.482390e-01	9.960411e-01	4.329104e-02	5.029176e-01	4.769717e-01	1.891888e-01	8.396542e-01	9.249092e-01
7.245588e-01	6.555903e-01	8.213569e-01	5.668249e-01	2.154994e-01	5.186659e-01	9.338792e-02	9.232465e-01	2.519461e-01	8.971926e-01
6.362888e-01	3.178429e-01	4.690496e-01	4.964327e-01	6.077527e-02	1.624922e-01	6.394240e-01	2.601059e-01	9.050237e-01	1.433071e-01
9.481420e-01	7.943245e-01	1.753853e-01	4.197458e-01	9.461667e-01	7.984055e-01	4.159032e-01	6.509732e-01	5.135988e-01	8.131931e-01
9.771718e-01	5.768973e-01	1.859457e-01	7.506452e-01	2.536152e-01	7.497620e-01	3.656953e-01	5.674077e-01	6.729632e-01	6.568306e-01
1.658859e-02	7.369140e-02	4.049824e-01	7.315734e-01	6.020143e-01	6.315526e-01	3.154427e-01	4.214079e-01	7.412031e-01	3.107936e-02
7.337241e-01	6.079451e-02	5.876597e-01	5.735143e-01	3.071025e-01	8.355484e-01	5.727694e-01	7.587174e-01	7.505966e-01	5.515766e-01
3.746758e-01	6.865577e-01	6.759483e-01	2.207048e-01	7.871486e-01	1.414131e-01	4.849866e-01	8.266634e-01	9.914421e-01	7.043314e-01
3.020488e-01	8.362668e-01	8.641699e-01	2.614406e-01	1.511863e-01	7.194729e-01	6.566391e-01	6.048613e-02	9.956562e-01	3.551885e-01
7.431413e-01	9.378669e-01	2.533783e-01	7.335698e-01	6.170691e-01	7.811667e-01	4.095395e-01	4.914587e-01	4.523282e-01	2.589229e-01
1.120834e-01	6.082987e-01	3.157445e-01	4.128607e-01	7.432334e-01	1.211631e-01	2.123779e-01	6.825021e-01	7.019026e-02	9.756990e-01
8.312434e-01	1.995517e-01	8.288392e-01	8.413886e-01	8.733940e-01	9.568505e-01	7.206278e-01	6.004107e-01	6.696162e-01	3.985304e-01
6.477432e-01	3.131566e-01	5.576476e-01	8.725811e-01	4.597144e-02	9.480441e-02	7.708204e-01	4.976657e-01	6.282323e-01	7.201670e-02
4.597276e-01	3.839241e-01	2.851097e-01	9.224233e-01	2.332720e-01	9.608344e-01	4.946491e-01	2.351503e-01	7.632165e-01	3.341134e-01
