7.753510e-01 7.804090e-01 3.523356e-02 2.487324e-02 1 4 1.342299e+00 139 3.255629e-01 1.606446e-01
8.950769e-01 6.463664e-01 1.316116e-02 1.173376e-02 3 5 1.149577e+00 166 9.328172e-03 2.087717e-01
8.007850e-01 1.065094e-01 6.221557e-03 4.981226e-02 5 3 1.602026e+00 62 4.773011e-02 3.249691e-01
1.535926e-01 7.107189e-01 9.740247e-03 2.816103e-02 1 4 2.010078e+00 83 3.147095e-01 6.130560e-01
1.512458e-01 3.378108e-01 5.423471e-02 1.133006e-02 1 2 2.069399e+00 174 3.623620e-01 6.742060e-01
5.658992e-01 7.656073e-01 4.643477e-02 1.696256e-02 2 2 2.105518e+00 86 1.859253e-01 6.515467e-01
6.377407e-01 4.034060e-01 3.377992e-02 6.306090e-03 3 3 1.217672e+00 173 3.003602e-01 7.133674e-01
3.205908e-01 5.313122e-01 7.371199e-02 2.776524e-02 5 3 2.058688e+00 18 4.298825e-01 1.688520e-01
1.136855e-01 5.160670e-01 7.986371e-02 4.499570e-02 2 3 2.541770e+00 61 4.597617e-01 4.972206e-01
7.540957e-01 1.378961e-01 9.665105e-02 4.982278e-02 3 2 1.153286e+00 55 2.554088e-01 8.241787e-01
8.152436e-01 7.032296e-01 9.245993e-02 5.356113e-03 4 4 2.386723e+00 167 2.407971e-01 3.368681e-01
8.249283e-01 3.312557e-01 6.939649e-02 4.712731e-02 3 4 1.346245e+00 35 2.874787e-01 7.659336e-01
8.922937e-01 6.427394e-01 9.077291e-02 4.909359e-02 4 5 1.668775e+00 97 4.701750e-02 4.967360e-01
4.257407e-01 1.119311e-01 1.471136e-02 8.942447e-03 4 3 1.287597e+00 69 1.880093e-01 2.711648e-01
7.468069e-01 8.475363e-01 1.326448e-02 3.951326e-02 3 1 1.720244e+00 175 3.878532e-02 5.362902e-01
4.041128e-01 8.778496e-01 8.356650e-02 1.113726e-02 1 3 2.112238e+00 178 1.638441e-01 7.126136e-01
4.886053e-01 3.255935e-01 4.318168e-03 2.170734e-02 2 5 1.426114e+00 127 1.598805e-02 4.525704e-01
8.824986e-01 6.089459e-01 8.693889e-03 1.967971e-02 5 2 2.028123e+00 120 1.674796e-01 6.972445e-01
1.516965e-01 7.808050e-01 9.094144e-03 3.300982e-03 4 4 2.151649e+00 67 4.483131e-01 6.172575e-01
1.049364e-01 6.762730e-01 1.524355e-02 3.092593e-02 4 1 2.783325e+00 19 3.048495e-02 5.890447e-01
4.101285e-01 8.364246e-01 8.917560e-02 4.184046e-02 3 4 1.275205e+00 93 6.683061e-02 8.314347e-01
6.331274e-01 8.222830e-01 9.060915e-02 1.826512e-02 2 4 2.179356e+00 116 3.052923e-01 1.632439e-01
1.987787e-01 6.680544e-01 9.728827e-02 1.728851e-02 2 2 2.482561e+00 47 4.316724e-01 6.405113e-01
1.507764e-01 8.788841e-01 2.329623e-02 4.614257e-02 4 3 1.473089e+00 25 1.583481e-01 3.110966e-01
7.410029e-01 6.170702e-01 5.474963e-02 3.955695e-02 4 4 2.303524e+00 107 3.293420e-01 5.530771e-01
7.978333e-01 2.117723e-01 3.680547e-02 2.467502e-02 4 2 1.192003e+00 151 1.143310e-01 4.149280e-01
6.433427e-01 1.276306e-01 2.886686e-02 1.431984e-02 2 2 1.769966e+00 168 4.564330e-01 5.216983e-01
8.392018e-01 7.493984e-01 4.600865e-02 2.106425e-02 5 3 2.069399e+00 42 2.825569e-01 2.857427e-01
7.743740e-01 6.850970e-01 9.638528e-02 3.620871e-02 5 5 2.539884e+00 76 2.671575e-01 5.509254e-01
3.744403e-01 1.334331e-01 5.936809e-02 4.677607e-03 1 4 2.766678e+00 102 4.273164e-01 8.152787e-01
6.221134e-01 5.404483e-01 2.338578e-02 2.163537e-02 2 4 1.155882e+00 138 2.048878e-01 6.722192e-01
4.974634e-01 1.629658e-01 5.838747e-03 6.717537e-03 4 2 2.353117e+00 190 7.399313e-02 6.572685e-01
4.510323e-01 2.006426e-01 4.144405e-02 1.559737e-02 5 2 2.679031e+00 143 4.687983e-01 5.918417e-01
2.886628e-01 7.595196e-01 4.476130e-02 3.863724e-02 3 2 2.817464e+00 50 3.763929e-01 2.437883e-01
4.301172e-01 2.541859e-01 9.740247e-03 7.671415e-03 3 4 1.796363e+00 127 3.120284e-01 5.362902e-01
1.128073e-01 5.412826e-01 7.426711e-02 3.657069e-02 3 3 2.543999e+00 143 4.613900e-02 5.837851e-01
4.161546e-01 1.899723e-01 9.644079e-02 3.620871e-02 2 2 1.010774e+00 116 2.582454e-01 4.963317e-01
8.457329e-01 6.630754e-01 8.586323e-02 5.682312e-03 5 3 2.065101e+00 161 2.423969e-01 7.587477e-01
1.295755e-01 7.722036e-01 1.382781e-02 3.660357e-02 1 2 1.402625e+00 33 4.682703e-01 1.516897e-01
5.233334e-01 8.680088e-01 6.678005e-02 8.115115e-03 2 3 2.501837e+00 59 2.910493e-01 4.251443e-01
4.362600e-01 7.199231e-01 5.729481e-02 3.901190e-02 4 4 1.560949e+00 104 1.299067e-01 1.964245e-01
2.730407e-01 6.305107e-01 4.257630e-02 2.616059e-02 5 2 2.683446e+00 101 4.286470e-02 1.158090e-01
4.117596e-01 6.599573e-01 9.661671e-02 9.769507e-03 4 3 2.364503e+00 151 3.494096e-01 1.024266e-01
1.661708e-01 1.307945e-01 1.489273e-02 1.886879e-03 4 1 2.072660e+00 80 2.466236e-01 7.772356e-01
3.177198e-01 7.686796e-01 4.943022e-02 1.785469e-02 4 3 1.504027e+00 18 1.678074e-01 5.692926e-01
5.507047e-01 5.031062e-01 9.639052e-02 9.101744e-03 3 1 1.021428e+00 119 2.049121e-01 7.129077e-01
6.299246e-01 7.519139e-01 3.546975e-02 4.181050e-02 2 5 2.859018e+00 197 3.909736e-01 5.940704e-01
7.801994e-01 8.518413e-01 4.171518e-02 2.581910e-02 1 1 1.748454e+00 53 4.780101e-01 3.159777e-01
8.278097e-01 2.510636e-01 5.992394e-02 4.973661e-02 1 4 1.031023e+00 110 4.316834e-01 3.277384e-01
5.836744e-01 4.826130e-01 4.795476e-02 2.360332e-02 4 5 1.804831e+00 86 2.468988e-01 3.682664e-01
6.753734e-01 8.763309e-01 3.869902e-02 2.432786e-02 1 4 2.518596e+00 166 4.018077e-02 7.156918e-01
3.238833e-01 7.952730e-01 6.205989e-02 1.048380e-02 2 1 1.501441e+00 63 2.119854e-01 3.493833e-01
4.700243e-01 3.532670e-01 5.904073e-02 1.299050e-02 5 1 1.428703e+00 148 4.022103e-01 7.570099e-01
5.848966e-01 1.285201e-01 1.899927e-02 1.092897e-02 5 2 1.154806e+00 20 3.697646e-01 3.626587e-01
4.996962e-01 3.024607e-01 6.398015e-02 3.111741e-03 1 1 1.398627e+00 87 2.069173e-01 8.317631e-01
2.060380e-01 6.987594e-01 7.803668e-02 2.586007e-02 5 3 2.685160e+00 99 4.903085e-01 5.497312e-01
2.205251e-01 3.689162e-01 5.824249e-02 3.468525e-02 4 2 1.414701e+00 94 3.124353e-01 6.911063e-01
2.315580e-01 7.088197e-01 4.483972e-02 4.700132e-02 3 4 2.380463e+00 58 4.701873e-01 2.915714e-01
5.343157e-01 3.600269e-01 4.600865e-02 8.522794e-03 4 5 2.826627e+00 50 3.287061e-02 5.994064e-01
3.309580e-01 3.675950e-01 3.270630e-02 1.298806e-02 1 5 1.217672e+00 42 4.095955e-01 2.918387e-01
1.380316e-01 3.029095e-01 5.373081e-02 7.930222e-03 5 5 2.077803e+00 37 5.089694e-02 6.942845e-01
3.132876e-01 6.449260e-01 3.205519e-02 4.413517e-02 4 3 2.710242e+00 87 4.119548e-01 8.773571e-01
7.772957e-01 7.228061e-01 9.782024e-02 3.657069e-02 5 4 1.270372e+00 50 2.844428e-01 5.672880e-01
6.947316e-01 4.417805e-01 3.851851e-02 4.413517e-02 1 2 2.752643e+00 102 7.139216e-03 8.595140e-01
1.666565e-01 4.198558e-01 7.668008e-02 4.670725e-02 2 5 2.983003e+00 111 4.250852e-02 3.769458e-01
5.627816e-01 1.568917e-01 2.449757e-02 1.862815e-02 3 3 1.917852e+00 100 5.261923e-02 5.402181e-01
5.944353e-01 5.416042e-01 8.165655e-02 2.260758e-03 1 5 1.097225e+00 59 4.726591e-01 5.005007e-01
4.880163e-01 5.001309e-01 7.286349e-02 2.162432e-02 5 4 1.050464e+00 189 4.010466e-01 2.249093e-01
4.563494e-01 2.481669e-01 9.289269e-02 1.053477e-02 4 5 1.402917e+00 83 2.019392e-03 7.447948e-01
5.115045e-01 5.767605e-01 4.058931e-02 4.579958e-02 4 2 1.131663e+00 106 1.638441e-01 4.914907e-01
7.613979e-01 6.546726e-01 4.091899e-02 3.429848e-02 2 5 2.324903e+00 38 4.902743e-01 7.074068e-01
2.647888e-01 6.926594e-01 3.434371e-02 8.827390e-03 1 4 2.575393e+00 122 1.123872e-01 2.819656e-01
1.136855e-01 5.184712e-01 4.015339e-02 6.418570e-03 4 1 2.382822e+00 176 2.359738e-01 8.140706e-01
4.468952e-01 7.253242e-01 6.759925e-02 4.771661e-02 5 3 1.512929e+00 41 2.390935e-01 1.855893e-01
3.026771e-01 2.745948e-01 3.460490e-03 1.954608e-02 2 2 2.134926e+00 154 2.890358e-01 5.543426e-01
4.673388e-01 6.395464e-01 5.594831e-02 7.361698e-03 2 5 1.402917e+00 116 1.881334e-02 2.886267e-01
6.097236e-01 6.262110e-01 1.326448e-02 4.389980e-02 5 1 2.011551e+00 15 3.767243e-02 5.016390e-01
7.700572e-01 5.922235e-01 4.561637e-02 1.713508e-02 3 2 2.077803e+00 69 1.379423e-01 3.981379e-01
3.070088e-01 6.657757e-01 4.093405e-02 4.340870e-02 5 3 2.046496e+00 14 3.872223e-01 1.886360e-01
4.636892e-01 5.776292e-01 3.377239e-02 7.607832e-03 5 3 2.839208e+00 198 4.512427e-01 8.945651e-01
2.424448e-01 1.100996e-01 1.923353e-02 3.570957e-02 2 5 2.528903e+00 125 1.975794e-01 8.979736e-01
1.944247e-01 2.611064e-01 6.149203e-02 4.194309e-02 2 5 1.414701e+00 16 1.638441e-01 8.257207e-01
7.971418e-01 7.048930e-01 9.269828e-02 2.041129e-03 4 3 2.446157e+00 124 4.434002e-01 7.775341e-01
6.314265e-01 2.870425e-01 4.787497e-03 5.401705e-03 1 4 2.457534e+00 96 1.137351e-01 5.640196e-01
7.920362e-01 1.829780e-01 7.471444e-02 2.966615e-02 1 1 2.817464e+00 117 1.277550e-01 1.902285e-01
7.087981e-01 7.404882e-01 9.365426e-02 4.000467e-02 1 4 2.741938e+00 15 3.919576e-01 6.365075e-01
3.447806e-01 3.145405e-01 9.587199e-02 1.917149e-02 5 2 1.927694e+00 129 4.319578e-01 6.429924e-01
1.386344e-01 3.024818e-01 3.449713e-03 1.092897e-02 3 3 1.135339e+00 124 3.621773e-01 4.076926e-01
8.161671e-01 8.026625e-01 2.886686e-02 4.519135e-02 3 3 1.291108e+00 35 4.521255e-01 3.361574e-01
7.050115e-01 7.943721e-01 2.282591e-02 4.305964e-02 1 3 1.494020e+00 110 4.119548e-01 3.927094e-01
2.880240e-01 8.796082e-01 7.821747e-02 1.736288e-02 2 3 1.504027e+00 35 3.203332e-01 8.031124e-01
4.954841e-01 8.149803e-01 2.272013e-02 1.134646e-02 2 2 2.911316e+00 85 4.516070e-01 8.853856e-01
7.294905e-01 2.428091e-01 1.893811e-02 2.965510e-03 2 5 2.922763e+00 45 1.969988e-01 6.067195e-01
6.987586e-01 3.501946e-01 6.434805e-02 1.048380e-02 2 4 2.743054e+00 164 2.724221e-01 8.031124e-01
5.273184e-01 2.390830e-01 1.152771e-02 7.157909e-03 5 4 1.804831e+00 92 2.796481e-01 6.654767e-01
7.418878e-01 3.860587e-01 6.638147e-02 2.822842e-03 2 2 2.575100e+00 41 2.671575e-01 6.389850e-01
2.106994e-01 3.607980e-01 1.685539e-02 8.903679e-03 5 3 2.146259e+00 120 1.662093e-01 5.401630e-01
5.391192e-01 4.959725e-01 5.112449e-02 4.642519e-03 4 3 1.363467e+00 126 8.036379e-02 6.372796e-01
7.784497e-01 6.342894e-01 4.187578e-04 3.043428e-02 5 5 2.916543e+00 163 3.173475e-01 5.128336e-01
4.147702e-01 7.032296e-01 6.563668e-02 4.975512e-02 3 2 1.099967e+00 123 3.293420e-01 5.311562e-01
8.725539e-01 1.102677e-01 8.110890e-02 2.716850e-03 2 4 2.065101e+00 127 1.543855e-01 3.480063e-01
3.655243e-01 1.791493e-01 6.020916e-02 2.211494e-02 5 2 1.010774e+00 89 2.468988e-01 2.725369e-01
1.741205e-01 1.000099e-01 8.590364e-02 4.261654e-02 3 1 2.473087e+00 48 2.308855e-01 6.556364e-01
4.694324e-01 1.920929e-01 7.832041e-02 1.298806e-02 1 4 2.402957e+00 82 2.107881e-01 8.979736e-01
6.403919e-01 3.090332e-01 5.134072e-02 4.626111e-02 1 1 1.014859e+00 17 3.048495e-02 6.305393e-01
8.918767e-01 6.092116e-01 1.895338e-02 4.754269e-02 1 5 2.342922e+00 179 7.506579e-02 6.786410e-01
2.804473e-01 6.089459e-01 9.644706e-02 1.327920e-02 1 3 2.265118e+00 197 4.653845e-02 2.712447e-01
7.762948e-01 6.371500e-01 7.375271e-02 3.826859e-02 1 1 1.271338e+00 103 1.260829e-01 8.238635e-01
4.241247e-01 6.661076e-01 3.267742e-02 1.115098e-02 1 4 2.181212e+00 130 3.636295e-01 2.119096e-01
1.899727e-01 2.041514e-01 4.688918e-02 3.797481e-02 5 3 2.896854e+00 21 3.152473e-01 7.882838e-01
2.166892e-01 8.568521e-01 1.131221e-02 6.232197e-03 1 5 1.040667e+00 116 2.708006e-01 1.088870e-01
5.288157e-01 2.743744e-01 2.707520e-02 4.184734e-02 2 3 2.585607e+00 76 2.517088e-01 4.556225e-01
3.396305e-01 2.196605e-01 4.094198e-02 4.626111e-02 2 4 1.463662e+00 44 6.940097e-04 7.263905e-01
7.853093e-01 5.845745e-01 1.157611e-02 1.524901e-02 2 5 1.155882e+00 62 4.298825e-01 5.301429e-01
7.057249e-01 4.164348e-01 4.787497e-03 1.370936e-02 2 1 1.134958e+00 130 3.206527e-01 1.989621e-01
2.301636e-01 3.122030e-01 2.481430e-02 2.947720e-02 3 2 2.823840e+00 34 1.458241e-01 6.617621e-01
1.718731e-01 8.025818e-01 9.011982e-02 3.121126e-02 3 4 1.149577e+00 88 2.148776e-01 1.677215e-01
5.365859e-01 7.189759e-01 5.505609e-03 4.614257e-02 5 3 1.275205e+00 60 3.754457e-01 2.599929e-01
2.959857e-01 7.900270e-01 7.903304e-02 2.335021e-03 1 1 1.926713e+00 51 1.957297e-01 3.915167e-01
8.475463e-01 8.851959e-01 1.362244e-02 1.826512e-02 5 3 1.101624e+00 31 1.895323e-01 2.980722e-01
8.368938e-01 2.291327e-01 2.282591e-02 2.251651e-02 5 3 2.028123e+00 114 6.202913e-02 8.672844e-01
4.642212e-01 8.271714e-01 3.270630e-02 3.188917e-02 3 3 1.268697e+00 113 4.273164e-01 5.113284e-01
4.853629e-01 5.767605e-01 1.317932e-02 1.487308e-02 1 3 1.283464e+00 83 3.763929e-01 8.615447e-01
1.827036e-01 2.703687e-01 8.232627e-02 6.985914e-03 2 4 1.046494e+00 118 1.427334e-01 3.208490e-01
8.187998e-01 4.266868e-01 9.782024e-02 1.473368e-02 3 3 2.229131e+00 116 6.483720e-02 3.663154e-01
8.031727e-01 6.911330e-01 9.868772e-02 6.424942e-03 2 1 2.968924e+00 92 1.958805e-01 5.301796e-01
5.039806e-01 1.017344e-01 4.242416e-02 4.624637e-02 5 1 1.501441e+00 25 8.309216e-02 4.870856e-01
6.438056e-01 2.530243e-01 8.117614e-02 3.880664e-02 4 5 2.763960e+00 126 1.842025e-01 2.662510e-01
8.052402e-01 6.073179e-01 5.177386e-03 4.364876e-02 4 5 2.783719e+00 91 3.192776e-01 5.655986e-01
1.179185e-01 5.119981e-01 7.408949e-02 1.324127e-02 3 5 2.902395e+00 14 7.139216e-03 4.906769e-01
5.030398e-01 2.231201e-01 1.038293e-02 7.309624e-03 4 5 1.410125e+00 192 1.198976e-01 3.600032e-01
2.431975e-01 5.277850e-01 8.351675e-02 4.613315e-02 1 1 2.595447e+00 106 2.123439e-01 4.816806e-01
8.478451e-01 3.392016e-01 1.234782e-02 4.184734e-02 1 2 2.898024e+00 186 4.834488e-01 2.684523e-01
4.836294e-01 2.061366e-01 1.316998e-02 6.520686e-03 3 5 1.180903e+00 134 4.880889e-01 6.275727e-01
5.669851e-01 2.611064e-01 1.317932e-02 2.939062e-02 1 4 1.291108e+00 169 3.087656e-01 5.842859e-01
2.270001e-01 5.167866e-01 7.986371e-02 4.315533e-02 1 5 2.446157e+00 25 3.609680e-01 5.500678e-01
8.449209e-01 8.937729e-01 1.841740e-02 1.549594e-02 2 4 2.873018e+00 36 4.520400e-01 8.299066e-01
2.967937e-01 6.765143e-01 9.242721e-03 4.811630e-02 4 2 1.273859e+00 199 3.968925e-01 7.609410e-01
6.720323e-01 7.664763e-01 7.375271e-02 2.988498e-02 2 1 1.748658e+00 163 4.075514e-01 4.712809e-01
4.031219e-01 3.809030e-01 4.564549e-02 2.381384e-02 2 4 1.825347e+00 164 4.584953e-01 3.617877e-01
6.941543e-01 8.639719e-01 1.226392e-02 1.025787e-02 3 5 2.861373e+00 81 3.031574e-01 4.259032e-01
3.543760e-01 3.506467e-01 9.072773e-03 2.847489e-02 4 2 2.055612e+00 167 2.554088e-01 8.761989e-01
2.924041e-01 5.408220e-01 1.395414e-02 7.020435e-03 4 2 2.406104e+00 110 2.933776e-02 2.035927e-01
8.766264e-01 2.067484e-01 1.488021e-03 1.411443e-02 4 4 2.810056e+00 131 6.977785e-02 6.664275e-01
6.296548e-01 1.560992e-01 9.589537e-02 6.418570e-03 5 2 2.860140e+00 116 3.608214e-01 4.585896e-01
3.499128e-01 6.696589e-01 3.841067e-02 2.558668e-02 1 3 1.451049e+00 174 1.478699e-01 7.932642e-01
5.404424e-01 7.592616e-01 9.510085e-02 7.887021e-03 3 4 1.721732e+00 187 3.842880e-01 2.449003e-01
8.360911e-01 4.937840e-01 2.652463e-03 3.855784e-03 2 5 1.406806e+00 20 4.615811e-01 5.669368e-01
3.956015e-01 1.378961e-01 4.516783e-02 3.188917e-02 2 1 1.053988e+00 67 3.258874e-01 2.085679e-01
5.597550e-01 6.108535e-01 7.161920e-02 2.454509e-02 1 2 1.357268e+00 23 1.721443e-02 4.407060e-01
3.995052e-01 8.569209e-01 2.387301e-02 3.717646e-02 1 3 2.038087e+00 162 4.701750e-02 3.414354e-01
3.094661e-01 7.475097e-01 8.123701e-02 3.830505e-02 3 5 2.924190e+00 87 4.974293e-01 6.911063e-01
3.060286e-01 3.000555e-01 1.207932e-03 1.687442e-02 5 1 1.810747e+00 167 1.826539e-01 4.904682e-01
7.050115e-01 2.231201e-01 2.282074e-02 4.866161e-02 3 4 1.891073e+00 26 1.370111e-01 3.931941e-01
7.228310e-01 7.246667e-01 2.977239e-02 2.055253e-02 1 4 2.193193e+00 40 1.434142e-01 2.481796e-01
5.461588e-01 3.583887e-01 6.632290e-02 3.887927e-02 1 5 2.137519e+00 89 2.821071e-01 7.828557e-01
5.134055e-01 2.530243e-01 9.692877e-02 1.288469e-02 3 4 1.378011e+00 91 4.541460e-01 8.753130e-01
7.397978e-01 3.735722e-01 6.082125e-02 3.570957e-02 2 2 2.452933e+00 87 3.403274e-01 5.286684e-01
4.667285e-01 4.587430e-01 4.655306e-02 6.424942e-03 5 4 2.508287e+00 149 4.666791e-01 4.007439e-01
6.701733e-01 4.926818e-01 4.131462e-03 2.975751e-02 5 1 2.867806e+00 127 4.851650e-02 1.206194e-01
5.976379e-01 2.160952e-01 9.644079e-02 2.805871e-02 3 3 1.145321e+00 52 1.926170e-03 5.622914e-01
3.661450e-01 2.884721e-01 6.047807e-02 4.784260e-02 3 4 1.629866e+00 143 4.723128e-01 5.747306e-01
6.208567e-01 2.868573e-01 1.336590e-02 2.082447e-02 3 5 2.936970e+00 150 4.541460e-01 3.698706e-01
7.596404e-01 2.291327e-01 8.917560e-02 4.613315e-02 5 1 2.767310e+00 37 1.195986e-01 7.207177e-01
6.416429e-01 7.680829e-01 9.818477e-02 9.746631e-03 1 4 1.539886e+00 92 2.738279e-01 4.552888e-01
6.922245e-01 7.900270e-01 4.257630e-02 6.269566e-03 4 2 1.657961e+00 183 1.573277e-01 3.203022e-01
3.220935e-01 2.659407e-01 8.530367e-02 3.488111e-02 2 1 1.756683e+00 57 2.077858e-01 6.742467e-01
1.010361e-01 2.148053e-01 1.489273e-02 3.264209e-02 2 2 2.798080e+00 69 3.414673e-01 8.622926e-01
6.568089e-01 3.122030e-01 8.180320e-02 4.396447e-02 2 3 1.336059e+00 139 4.095955e-01 8.150828e-01
6.465928e-01 2.047385e-01 9.554661e-02 1.008867e-02 2 1 2.411250e+00 13 3.613199e-01 1.618500e-01
6.370247e-01 8.947800e-01 2.827286e-02 3.079558e-02 5 1 1.518428e+00 110 4.378786e-01 6.556364e-01
3.548944e-01 7.105494e-01 4.093755e-02 4.043987e-02 2 5 2.407534e+00 44 1.100467e-01 7.424937e-01
5.289194e-01 2.136850e-01 6.759925e-02 1.909490e-02 4 4 1.427915e+00 56 3.677989e-01 8.678684e-01
7.949042e-01 4.147638e-01 3.978876e-02 2.847489e-02 5 3 2.512702e+00 199 4.301300e-01 7.514022e-01
7.942331e-01 3.881865e-01 1.394731e-02 2.230479e-02 4 2 2.836341e+00 77 7.105889e-02 5.755075e-01
5.739815e-01 5.337683e-01 6.318487e-02 2.547950e-02 5 5 1.612840e+00 183 1.325984e-01 5.017001e-01
1.093611e-01 7.159621e-01 3.840846e-02 1.893306e-03 1 4 1.111356e+00 69 3.693249e-02 1.467452e-01
1.687849e-01 5.068488e-01 8.535340e-02 2.447355e-02 4 2 2.038087e+00 50 1.220746e-01 2.341038e-01
7.722688e-01 4.620627e-01 4.182621e-02 3.588474e-02 1 3 2.334698e+00 90 1.845885e-01 1.156456e-01
5.686693e-01 4.293894e-01 1.029767e-02 2.381556e-03 5 1 1.566206e+00 195 4.282069e-01 8.342268e-01
1.001389e-01 4.780997e-01 9.740247e-03 3.470438e-03 1 3 1.832643e+00 167 4.588890e-01 5.128336e-01
2.781116e-01 4.825045e-01 8.485572e-02 2.678883e-02 1 5 2.252408e+00 11 4.800440e-01 2.566677e-01
3.033977e-01 5.014907e-01 3.460490e-03 2.560999e-02 3 2 1.451049e+00 40 1.518666e-01 3.367339e-01
2.060380e-01 7.063821e-01 4.513401e-03 2.482030e-02 5 4 1.457995e+00 147 4.105749e-01 6.824362e-01
1.058815e-01 2.780477e-01 7.483676e-02 2.163537e-02 1 4 1.072317e+00 51 1.732668e-01 3.589042e-01
6.509221e-01 7.481280e-01 7.326273e-02 3.388177e-02 5 2 2.831274e+00 25 1.491639e-01 8.565174e-01
7.338614e-01 8.029675e-01 9.782024e-02 2.447457e-02 4 5 1.338461e+00 88 3.770223e-01 2.957541e-01
4.501553e-01 8.297632e-01 2.617101e-02 1.882548e-02 3 5 1.635310e+00 174 3.397919e-02 3.662864e-01
3.107433e-01 4.253152e-01 7.558972e-02 3.545537e-02 4 1 1.927694e+00 138 7.718755e-03 3.391367e-01
2.709111e-01 8.399282e-01 3.543713e-02 2.276230e-02 1 2 1.069051e+00 87 1.972008e-01 7.898427e-01
3.778340e-01 5.765557e-01 1.284974e-02 2.446724e-03 4 1 2.483703e+00 42 3.297156e-01 1.111145e-01
8.414849e-01 8.632707e-01 7.286349e-02 2.266190e-02 1 4 2.987415e+00 30 2.260663e-01 7.675339e-01
5.259953e-01 4.030726e-01 9.289269e-02 1.809344e-02 5 3 2.583064e+00 198 5.572901e-02 8.911364e-01
1.777859e-01 4.351956e-01 1.623417e-02 8.767544e-03 5 5 1.836618e+00 80 1.318527e-01 7.951562e-01
5.030398e-01 7.943721e-01 8.917560e-02 4.000467e-02 4 5 1.669748e+00 190 2.064867e-01 5.005007e-01
8.526538e-01 7.334371e-01 9.750742e-02 2.335021e-03 4 3 2.539884e+00 19 4.915660e-01 8.998124e-01
8.962450e-01 6.170702e-01 2.392112e-02 1.092897e-02 5 5 2.154261e+00 171 3.575372e-01 5.114582e-01
1.806909e-01 3.541046e-01 4.124715e-02 1.362838e-02 1 4 1.378399e+00 198 4.098592e-01 8.651777e-01
5.121047e-01 7.404882e-01 3.788710e-02 7.806585e-03 5 1 1.434130e+00 39 4.250852e-02 5.795408e-01
8.073178e-01 2.449415e-01 3.713790e-02 4.495492e-02 4 4 1.618800e+00 113 4.208622e-02 2.040082e-01
5.101870e-01 6.987594e-01 9.554661e-02 2.724587e-02 4 4 1.145206e+00 134 8.389814e-02 7.288192e-01
2.474537e-01 7.048930e-01 6.547769e-03 2.603001e-02 2 3 1.791691e+00 10 3.558618e-01 4.585896e-01
7.378788e-01 8.903373e-01 3.014201e-02 1.349729e-02 2 1 1.870201e+00 20 1.732668e-01 3.361574e-01
1.084170e-01 4.283820e-01 8.910579e-02 3.941872e-02 2 2 2.714231e+00 115 4.924941e-01 3.841978e-01
2.948709e-01 5.776292e-01 4.089782e-02 4.915651e-02 4 5 2.042454e+00 125 3.494650e-01 6.598999e-01
2.873845e-01 6.215119e-01 1.234782e-02 4.364876e-02 3 4 1.029653e+00 54 9.464571e-02 5.216983e-01
2.418300e-01 1.345407e-01 5.096476e-02 1.548555e-02 1 1 2.851788e+00 22 3.124353e-01 4.408934e-01
3.518391e-01 8.164699e-01 3.841067e-02 5.408573e-03 4 2 2.271019e+00 56 1.681664e-02 3.278258e-01
7.448353e-01 5.313122e-01 7.916220e-02 3.736658e-02 1 4 2.183408e+00 119 1.150428e-01 2.712447e-01
3.944273e-01 7.722036e-01 5.134072e-02 3.997895e-02 5 1 1.343653e+00 47 4.723128e-01 3.115119e-01
3.112901e-01 2.348496e-01 2.887317e-02 2.183137e-02 5 1 2.537970e+00 133 2.733617e-01 5.300214e-01
3.462887e-01 5.184712e-01 4.857544e-02 4.537729e-02 2 2 1.610996e+00 107 4.697294e-01 8.919409e-01
8.585905e-01 1.778313e-01 5.319732e-02 3.779870e-03 1 3 2.918267e+00 169 1.947793e-01 4.022230e-01
5.194563e-01 2.962502e-01 2.969189e-02 4.720555e-02 1 4 1.657004e+00 182 1.300229e-01 4.556225e-01
6.854770e-01 7.245890e-01 9.910446e-02 8.034402e-03 5 2 1.035478e+00 50 4.163886e-01 2.701002e-01
8.195813e-01 6.166749e-01 7.251921e-02 3.410225e-02 2 3 1.681498e+00 123 4.096924e-01 5.815578e-01
6.327142e-01 3.378108e-01 8.927765e-02 4.364876e-02 1 4 1.672823e+00 65 3.909736e-01 4.012802e-01
3.419146e-01 1.856609e-01 7.487940e-02 1.025787e-02 3 3 2.758454e+00 37 4.774552e-01 1.154538e-01
1.181434e-01 6.233937e-01 2.617101e-02 4.477648e-02 2 5 1.297246e+00 160 4.141838e-01 5.524402e-01
2.455863e-01 8.962777e-01 6.447188e-02 1.399877e-02 4 2 2.011063e+00 80 4.077913e-01 3.521412e-01
3.526398e-01 6.812624e-01 4.094198e-02 3.500974e-02 1 5 2.539821e+00 193 1.901294e-01 5.301796e-01
7.529510e-01 3.095870e-01 9.850612e-02 3.991094e-02 1 2 2.447938e+00 45 2.929014e-01 3.956190e-01
1.357263e-01 4.937840e-01 1.638360e-02 3.357508e-03 4 2 1.521628e+00 42 1.130521e-01 5.085273e-01
3.051172e-01 6.342894e-01 7.125615e-03 4.132828e-02 5 3 2.292256e+00 111 2.431491e-01 4.059899e-01
7.167298e-01 4.630721e-01 9.587199e-02 3.055662e-02 1 4 1.313173e+00 87 4.780101e-01 1.688520e-01
7.978333e-01 2.641596e-01 6.381575e-02 4.626401e-02 5 2 1.375603e+00 101 1.046107e-01 6.456431e-01
6.501591e-01 1.567315e-01 1.841032e-05 3.617705e-03 1 1 1.444167e+00 159 4.602903e-01 6.095523e-01
1.788713e-01 2.923068e-01 5.026295e-02 3.851055e-02 5 5 1.050464e+00 171 4.487363e-01 2.868510e-01
7.863391e-01 7.493984e-01 9.269828e-02 3.499294e-02 1 4 2.326861e+00 153 4.075514e-01 3.212940e-01
3.071192e-01 3.535215e-01 9.190570e-02 1.059330e-02 1 4 2.992545e+00 182 2.722508e-01 1.829765e-01
5.857875e-01 6.176123e-01 1.343031e-02 5.408573e-03 4 3 1.135339e+00 40 4.437147e-01 8.761989e-01
7.324939e-01 5.671678e-01 8.546197e-02 1.251319e-02 5 5 1.449575e+00 73 1.675276e-01 7.102148e-01
1.311844e-01 6.995040e-01 1.895338e-02 4.167452e-02 1 1 1.134166e+00 106 9.900336e-02 1.429179e-01
1.868168e-01 3.914418e-01 6.510885e-02 4.750793e-02 2 2 2.926504e+00 24 3.982726e-02 5.922335e-01
6.825854e-01 7.414214e-01 4.638054e-02 2.360332e-02 1 4 1.032784e+00 45 4.005223e-01 2.975023e-01
8.650832e-01 7.570399e-01 3.706007e-02 7.020435e-03 2 4 1.603450e+00 136 1.514975e-02 8.833574e-01
2.738304e-01 8.518413e-01 3.113036e-02 9.016586e-03 1 5 1.407052e+00 131 8.489961e-02 8.923236e-01
4.002036e-01 5.520612e-01 1.157611e-02 1.666801e-02 4 3 2.862272e+00 40 1.097845e-01 4.276127e-01
1.063209e-01 8.932751e-01 2.186298e-02 1.134318e-02 2 3 1.406806e+00 120 2.582454e-01 5.595141e-01
5.288157e-01 7.686796e-01 3.203706e-02 9.955562e-03 3 3 1.960318e+00 128 1.817408e-01 1.841177e-01
5.184835e-01 7.242265e-01 7.436944e-02 1.754328e-02 5 1 2.240761e+00 131 3.340008e-01 7.156918e-01
2.251181e-01 8.892259e-01 7.052102e-02 1.099078e-02 2 3 1.454134e+00 98 1.670707e-01 1.988430e-01
1.907333e-01 4.275345e-01 7.903304e-02 2.151477e-03 4 5 1.748658e+00 115 1.454433e-01 5.368281e-01
7.355562e-01 8.256318e-01 8.187684e-02 3.482960e-03 4 5 2.670633e+00 78 2.183381e-01 1.902536e-01
1.718731e-01 8.820224e-01 1.965539e-02 4.700132e-02 2 1 1.957537e+00 111 2.037261e-02 2.680018e-01
8.693576e-01 1.065810e-01 4.513401e-03 2.603001e-02 3 4 2.917853e+00 179 2.826085e-01 3.915167e-01
1.593308e-01 7.835933e-01 6.416346e-02 4.101555e-02 3 1 2.476964e+00 178 1.761976e-01 5.216983e-01
5.905746e-01 8.229693e-01 9.439151e-02 1.918127e-03 3 5 1.240931e+00 71 2.099813e-01 2.228287e-01
4.730342e-01 7.041584e-01 9.782024e-02 1.474582e-02 3 2 1.510376e+00 42 3.792109e-01 5.459771e-01
6.217231e-01 2.541859e-01 4.905336e-02 1.299050e-02 5 2 1.428301e+00 65 6.438839e-02 6.794978e-01
3.189656e-01 2.527829e-01 6.358592e-02 4.561685e-02 2 1 2.508287e+00 111 4.392515e-01 1.964245e-01
8.060177e-01 4.448690e-01 8.950352e-02 4.123258e-02 5 2 1.758359e+00 101 2.493280e-01 5.165557e-01
6.262100e-01 1.629658e-01 5.285551e-02 3.365444e-02 4 2 2.482561e+00 199 1.260829e-01 4.510707e-01
4.187880e-01 8.576908e-01 3.916669e-02 2.478393e-02 4 4 1.771450e+00 93 3.107268e-01 3.492794e-01
8.878777e-01 6.171757e-01 1.471136e-02 2.370132e-02 1 5 1.389961e+00 150 2.779117e-02 6.414753e-01
2.086033e-01 8.276901e-01 6.617048e-02 3.468841e-02 5 3 2.768927e+00 176 4.799551e-01 1.156456e-01
5.711610e-01 3.893499e-01 2.802275e-02 5.829324e-03 2 3 2.151649e+00 107 4.077913e-01 7.295235e-01
4.179306e-01 5.629546e-01 1.680165e-02 8.128885e-03 3 5 1.551663e+00 102 6.161327e-02 8.957140e-01
8.007850e-01 1.562198e-01 5.917897e-02 4.670725e-02 2 4 1.775275e+00 26 2.313397e-01 3.226515e-01
8.437727e-01 7.448918e-01 2.261663e-02 5.281382e-03 5 4 2.191580e+00 75 6.500157e-02 1.106818e-01
7.490761e-01 6.414360e-01 2.201608e-03 2.453303e-02 4 1 2.126227e+00 126 2.725819e-01 6.389240e-01
8.096586e-01 5.133274e-01 5.849890e-02 1.675462e-02 5 1 1.391003e+00 147 1.061248e-01 4.921880e-01
7.214968e-01 5.560714e-01 4.801852e-03 3.216417e-02 5 3 2.386940e+00 125 3.934423e-01 4.686969e-01
6.612415e-01 7.976763e-01 4.564549e-02 2.956600e-02 1 1 2.082905e+00 125 3.580936e-01 1.961156e-01
4.596764e-01 1.931061e-01 6.468708e-02 3.997895e-02 2 3 1.240931e+00 112 1.966601e-01 3.086786e-01
2.967937e-01 7.476302e-01 7.404906e-02 2.165478e-02 3 2 2.151838e+00 175 3.427948e-01 5.378918e-01
5.578585e-01 1.065094e-01 4.943022e-02 1.937235e-02 1 4 2.074762e+00 121 3.161932e-01 2.013821e-01
1.886939e-01 3.858906e-01 6.096753e-02 3.932589e-02 4 3 1.794237e+00 126 4.919071e-01 6.903135e-01
4.241247e-01 3.986018e-01 7.399092e-02 2.647826e-02 4 2 1.977348e+00 105 9.910478e-03 3.956328e-01
2.363577e-01 2.286966e-01 5.512646e-03 4.376958e-02 4 4 2.645255e+00 181 1.842025e-01 7.215866e-01
6.047854e-01 1.888055e-01 2.801260e-02 2.687872e-03 1 5 2.758454e+00 120 1.450012e-02 3.249691e-01
1.923196e-01 3.029330e-01 7.301598e-02 4.841708e-02 4 1 2.438935e+00 121 1.348352e-01 7.122444e-01
7.962915e-01 2.928772e-01 6.301898e-02 4.919175e-02 5 5 1.797180e+00 96 1.274120e-01 4.442017e-01
2.232125e-01 6.789469e-01 3.787384e-02 9.727323e-03 4 5 1.721732e+00 68 7.294196e-02 7.392129e-01
6.022742e-01 1.378961e-01 1.501339e-02 1.113726e-02 2 5 1.888717e+00 70 1.817408e-01 1.205583e-01
3.462887e-01 2.271722e-01 2.703095e-02 4.723954e-02 2 5 1.700444e+00 193 1.175462e-01 6.707499e-01
2.234618e-01 8.947800e-01 4.810154e-02 3.468841e-02 5 3 1.306532e+00 62 2.480477e-02 3.146240e-01
2.549513e-01 4.034060e-01 7.188160e-02 2.265872e-02 4 2 2.415938e+00 56 4.292158e-01 7.447948e-01
7.080099e-01 8.923420e-01 4.127762e-02 1.635635e-02 2 2 1.753011e+00 117 4.884439e-01 4.007439e-01
2.403030e-01 3.092955e-01 6.709247e-02 2.560999e-02 2 4 2.905904e+00 130 4.722347e-01 4.271193e-01
2.495213e-01 7.107189e-01 4.933945e-02 3.943585e-02 1 1 2.954371e+00 133 1.202819e-01 2.225949e-01
2.589804e-01 1.649247e-01 6.447188e-02 1.862815e-02 1 2 2.244613e+00 30 4.336728e-01 7.072454e-01
1.769050e-01 2.061366e-01 4.397659e-02 1.717996e-02 1 4 1.928027e+00 98 1.892544e-01 4.625647e-01
3.729981e-01 8.861305e-01 8.666878e-02 7.157909e-03 3 5 1.380465e+00 174 2.041451e-01 7.335763e-01
1.102448e-01 3.695505e-01 1.638360e-02 1.256685e-02 2 3 1.855662e+00 113 4.584953e-01 6.664275e-01
1.607225e-01 3.340517e-01 9.638528e-02 3.545537e-02 5 5 1.632370e+00 44 1.586817e-01 5.317795e-01
8.253567e-01 1.978567e-01 6.814126e-02 4.129633e-02 5 4 1.046105e+00 66 2.512777e-01 7.215866e-01
8.166740e-01 1.790792e-01 2.410534e-02 1.301299e-02 1 3 1.592495e+00 70 3.230168e-01 3.384291e-01
6.975767e-01 6.837867e-01 7.786462e-02 3.817941e-02 2 3 2.243752e+00 117 3.107268e-01 5.507687e-01
5.876525e-01 6.628449e-01 5.992394e-02 5.589409e-03 5 5 2.778750e+00 44 4.212534e-01 5.178362e-01
1.655741e-01 1.276306e-01 1.997297e-03 1.794704e-02 4 1 2.789957e+00 89 1.941574e-01 3.249691e-01
3.335988e-01 1.576056e-01 8.316116e-02 4.938846e-02 3 4 1.769966e+00 100 4.407849e-01 7.510677e-01
1.764102e-01 5.922235e-01 6.088944e-03 1.695004e-02 3 3 2.461834e+00 87 3.796608e-01 7.996560e-01
2.933633e-01 2.328391e-01 8.546197e-02 3.046458e-02 4 5 1.664273e+00 90 2.611656e-01 6.850056e-01
7.818962e-01 5.907932e-01 6.799906e-02 6.533094e-03 3 4 2.966797e+00 199 3.051492e-01 1.545793e-01
7.113049e-01 4.424812e-01 6.431955e-02 3.395463e-02 4 5 2.715857e+00 34 1.760120e-01 7.451744e-01
2.307046e-01 4.714878e-01 9.644079e-02 8.894869e-03 5 1 2.915617e+00 134 2.933401e-01 3.682664e-01
7.792493e-01 6.244613e-01 8.298383e-02 4.609901e-02 5 5 2.307173e+00 135 1.289286e-01 8.288491e-01
8.816635e-01 3.586268e-01 6.096753e-02 2.446724e-03 3 5 2.037344e+00 25 4.997228e-01 7.772722e-01
2.343964e-01 4.780997e-01 2.282074e-02 2.063869e-02 1 2 1.757732e+00 53 3.397919e-02 5.085273e-01
7.811333e-01 4.006674e-01 1.299394e-02 4.058208e-02 1 5 1.403611e+00 13 3.623196e-01 8.222471e-01
3.900780e-01 6.154412e-01 8.636204e-02 8.942447e-03 2 2 2.425745e+00 110 4.637375e-01 7.074068e-01
1.896918e-01 3.425976e-01 5.893843e-02 1.081941e-02 3 4 1.286855e+00 130 7.491979e-02 5.234563e-01
7.801994e-01 1.683109e-01 2.491214e-02 2.227842e-02 3 4 2.485099e+00 18 1.903750e-01 1.432494e-01
8.278097e-01 5.009905e-01 3.787384e-02 3.317270e-02 2 3 2.804075e+00 125 2.844428e-01 8.618776e-01
8.329693e-01 2.072385e-01 5.079094e-02 4.690980e-02 4 2 1.047625e+00 158 4.346143e-01 7.261389e-01
8.755901e-01 8.576908e-01 3.546975e-02 2.061496e-02 2 4 2.938978e+00 143 3.365845e-01 6.429924e-01
7.840314e-01 2.718302e-01 1.098048e-02 8.310490e-03 2 2 1.535826e+00 12 4.919545e-01 8.240445e-01
7.652694e-01 3.493311e-01 2.946708e-02 8.185627e-03 4 5 1.053988e+00 169 2.673576e-01 5.311562e-01
1.034457e-01 6.470453e-01 3.622037e-02 3.051906e-02 3 3 1.721819e+00 59 3.945493e-01 3.711024e-01
1.494029e-01 8.381195e-01 2.636302e-02 3.532565e-02 5 4 2.058688e+00 173 4.993935e-01 8.595140e-01
4.166369e-01 6.008225e-01 2.987150e-02 1.225303e-03 5 1 1.862822e+00 64 3.585116e-01 2.680018e-01
5.211223e-01 4.651729e-01 5.963049e-02 2.169078e-03 3 5 1.310028e+00 107 2.740217e-01 4.563809e-01
7.297107e-01 8.487146e-01 2.750521e-02 1.228091e-02 1 4 2.836341e+00 66 2.874346e-01 6.654767e-01
2.263868e-01 5.143372e-01 5.743430e-03 1.086429e-02 5 4 1.813827e+00 65 2.266399e-01 8.317265e-01
2.097008e-01 8.932751e-01 7.530586e-02 1.025787e-02 1 2 2.992545e+00 11 4.104812e-01 7.057683e-01
4.919196e-01 3.048963e-01 1.008163e-02 3.352282e-03 2 4 1.554370e+00 76 3.475215e-01 8.045659e-01
1.347061e-01 7.102269e-01 1.649828e-02 4.537729e-02 1 3 2.138279e+00 28 1.411591e-01 4.234544e-01
2.716103e-01 3.000555e-01 7.444234e-02 4.896933e-02 5 4 2.610576e+00 166 2.051912e-01 6.006174e-01
4.538759e-01 1.195378e-01 7.786462e-02 2.525099e-02 1 1 2.177100e+00 160 4.817374e-01 6.695191e-01
4.267822e-01 4.162468e-01 1.394731e-02 3.429848e-02 3 4 2.920439e+00 78 2.910493e-01 7.901770e-01
3.849594e-01 7.426088e-01 7.412596e-02 6.985914e-03 2 4 2.830945e+00 12 4.924941e-01 1.231939e-01
1.245436e-01 2.265251e-01 5.618460e-02 1.736288e-02 5 4 1.909745e+00 146 4.772144e-01 7.424937e-01
5.520208e-01 6.777037e-01 5.594831e-02 4.751312e-02 3 2 1.297246e+00 192 3.020101e-01 6.556364e-01
1.166938e-01 2.373373e-01 9.104978e-02 3.030730e-02 5 3 1.367980e+00 23 2.698387e-01 3.139628e-01
8.982948e-01 7.041584e-01 8.306934e-02 4.670725e-02 2 1 2.134926e+00 36 1.612220e-01 8.196152e-01
6.930362e-01 6.121801e-01 7.769231e-02 4.455600e-02 2 4 1.862822e+00 15 1.122558e-01 7.334420e-01
4.859702e-01 6.858632e-01 4.170844e-02 1.241409e-03 1 4 2.126266e+00 187 1.117906e-01 6.561420e-01
8.999382e-01 2.016345e-01 6.617048e-02 1.206427e-02 4 5 1.660322e+00 92 1.511089e-01 3.536448e-01
7.423232e-01 2.451592e-01 7.141271e-02 1.256685e-02 3 3 2.418175e+00 155 4.997228e-01 7.951562e-01
5.454351e-01 5.375793e-01 9.378387e-02 4.609901e-02 4 5 2.710242e+00 190 1.136405e-01 6.957612e-01
7.703615e-01 6.501642e-01 5.130261e-02 3.055662e-02 4 2 2.744466e+00 56 8.309216e-02 3.698706e-01
7.410029e-01 7.755799e-01 2.794455e-02 7.525823e-03 2 5 1.449732e+00 173 1.779723e-01 4.354205e-01
3.386220e-01 3.978559e-01 7.802586e-02 3.138960e-02 4 2 2.682707e+00 57 3.038902e-01 3.493833e-01
7.942331e-01 7.893243e-01 9.399824e-02 3.468525e-02 5 2 2.035156e+00 127 3.179996e-01 8.290743e-01
1.097514e-01 5.654910e-01 7.898557e-02 1.695004e-02 5 4 2.784070e+00 57 1.989973e-01 1.989255e-01
6.629216e-01 2.018545e-01 5.963049e-02 4.919175e-02 4 2 1.402917e+00 83 1.393164e-01 1.231008e-01
7.101149e-01 2.673795e-01 3.524253e-02 9.727323e-03 2 2 2.986375e+00 84 2.019001e-01 4.137897e-01
5.556225e-01 6.789469e-01 2.944938e-02 2.504649e-02 3 1 2.324903e+00 149 7.987202e-02 3.333481e-01
1.974434e-01 2.884721e-01 7.802586e-02 3.388177e-02 5 4 1.891073e+00 175 2.954847e-01 8.307692e-01
2.519863e-01 6.614729e-01 3.061365e-02 2.432786e-02 2 5 2.614477e+00 122 1.130521e-01 8.957140e-01
5.194563e-01 3.973704e-01 3.179299e-02 2.274257e-02 2 3 2.006728e+00 132 4.520400e-01 4.544017e-01
2.191052e-01 7.395969e-01 1.152771e-02 3.856523e-02 2 3 2.106088e+00 115 4.926138e-01 7.215499e-01
5.546141e-01 6.304589e-01 1.234782e-02 2.276230e-02 2 5 2.168301e+00 100 1.195986e-01 7.675339e-01
4.984236e-01 7.805077e-01 2.759452e-02 4.181050e-02 5 3 2.179356e+00 67 8.718090e-02 4.526199e-01
5.145031e-01 7.189759e-01 5.253843e-02 4.058208e-02 3 1 2.776889e+00 148 3.017573e-01 4.251443e-01
4.592247e-01 5.283737e-01 6.398015e-02 3.080594e-02 4 3 1.960318e+00 54 4.653845e-02 3.663154e-01
1.457767e-01 1.784617e-01 1.488021e-03 4.491755e-02 2 5 1.383267e+00 133 9.311844e-02 6.188093e-01
1.637210e-01 7.432942e-01 6.379731e-02 4.841708e-02 5 4 1.892137e+00 146 4.722347e-01 6.996640e-01
3.283573e-01 4.630721e-01 3.779564e-02 3.317270e-02 2 5 2.720307e+00 171 1.458241e-01 6.414753e-01
5.273184e-01 2.291327e-01 1.069734e-02 3.446774e-02 4 5 1.345398e+00 32 2.557379e-01 3.978005e-01
6.101936e-01 7.885309e-01 5.400335e-02 1.119320e-02 5 1 1.032784e+00 35 3.842880e-01 8.721036e-01
3.302759e-01 7.445905e-01 5.373081e-02 1.746744e-02 1 2 2.911316e+00 42 2.366986e-01 3.559471e-01
4.383684e-01 5.376563e-01 7.786462e-02 3.858544e-02 4 3 1.155816e+00 50 1.608188e-01 2.724803e-01
4.811502e-01 8.599885e-01 4.620928e-02 2.165478e-02 5 5 1.950335e+00 138 4.562579e-01 5.114217e-01
8.984714e-01 7.612450e-01 8.700597e-02 3.997895e-02 4 3 2.945531e+00 102 1.348318e-01 3.521412e-01
6.622261e-01 4.140927e-01 9.261948e-02 1.695004e-02 5 1 1.681498e+00 181 4.380802e-01 7.631068e-01
1.555830e-01 6.318806e-01 4.242416e-02 3.046458e-02 5 2 2.888842e+00 48 3.072729e-01 1.206194e-01
1.741205e-01 4.977979e-01 8.590364e-02 4.642519e-03 1 3 1.072317e+00 146 4.905532e-01 7.772356e-01
5.824722e-01 2.606540e-01 3.543713e-02 4.364876e-02 1 2 2.518316e+00 136 4.397546e-01 8.602698e-01
3.841397e-01 6.446595e-01 7.141271e-02 7.697450e-03 5 1 1.791691e+00 41 4.919071e-01 2.954655e-01
1.238710e-01 8.364246e-01 1.157611e-02 2.974758e-02 2 2 1.551663e+00 138 4.598940e-02 1.423326e-01
4.715534e-01 2.678518e-01 3.580082e-02 4.390177e-02 2 1 1.675811e+00 95 1.774415e-01 6.139764e-01
5.709390e-01 6.657757e-01 3.183714e-02 3.997895e-02 5 1 2.823259e+00 37 3.482606e-01 4.549227e-01
3.801066e-01 4.415559e-01 9.011982e-02 1.431984e-02 1 3 2.039731e+00 18 4.348934e-01 8.945651e-01
6.308240e-01 2.718302e-01 8.923387e-02 1.487308e-02 4 2 1.985087e+00 98 1.472854e-01 1.559461e-01
4.012901e-01 4.529551e-01 7.803668e-02 3.221909e-02 4 2 1.915574e+00 120 2.878313e-02 5.837851e-01
7.285304e-01 4.708527e-01 2.006910e-02 7.671415e-03 1 4 2.255710e+00 156 1.366491e-01 8.277163e-01
8.787119e-01 6.922964e-01 7.266809e-02 5.281382e-03 3 3 1.389961e+00 178 4.469045e-01 8.741389e-01
3.200392e-01 8.240659e-01 7.220290e-02 2.227842e-02 5 1 2.242215e+00 33 4.600378e-01 7.808394e-01
4.047824e-01 1.904628e-01 7.563384e-02 3.797481e-02 1 3 1.610996e+00 96 3.183221e-01 1.367011e-01
4.373017e-01 7.521189e-01 8.232627e-02 9.214867e-03 4 3 1.535527e+00 118 7.294196e-02 2.711648e-01
4.326264e-01 5.242786e-01 5.039239e-02 4.863721e-02 4 2 1.260088e+00 197 2.883265e-01 4.076926e-01
1.744010e-01 8.026625e-01 9.868772e-02 2.370132e-02 2 5 2.191580e+00 115 1.406299e-02 5.458381e-01
6.111596e-01 3.607980e-01 8.304739e-02 3.330177e-03 3 3 2.520837e+00 35 3.770223e-01 7.631863e-01
6.001853e-01 6.870178e-01 3.978876e-02 4.167452e-02 5 2 2.291763e+00 43 1.691419e-01 6.172575e-01
6.159067e-01 8.499691e-01 5.253843e-02 1.461600e-02 2 3 1.779310e+00 120 2.104383e-01 1.590797e-01
2.841089e-01 5.465515e-01 4.987391e-02 4.365746e-02 5 5 2.133724e+00 50 1.969988e-01 5.984993e-01
5.635777e-01 5.967834e-01 5.446612e-02 3.055662e-02 4 2 1.992158e+00 150 4.951412e-01 8.043194e-01
5.048839e-01 2.328391e-01 4.746181e-02 7.420247e-03 4 3 2.919346e+00 17 2.141567e-01 7.186648e-01
8.187998e-01 8.796082e-01 9.928409e-02 3.942679e-02 1 3 2.902395e+00 89 5.850239e-02 3.860314e-01
1.839006e-01 7.483695e-01 1.489273e-02 1.520943e-02 5 5 1.235023e+00 70 1.915802e-01 7.413905e-01
1.832163e-01 3.285776e-01 6.252360e-02 2.928579e-02 4 2 2.948126e+00 60 4.683603e-01 4.851290e-01
4.249797e-01 6.628449e-01 8.158113e-02 1.059330e-02 3 4 1.869894e+00 75 1.878905e-01 2.087717e-01
2.691363e-01 5.177234e-01 7.786462e-02 3.717646e-02 4 5 2.681542e+00 42 3.494650e-01 1.961156e-01
6.879584e-01 1.790792e-01 5.473955e-02 1.216409e-02 5 4 2.229131e+00 168 6.751002e-02 7.883740e-01
7.133454e-01 3.691341e-01 1.259892e-02 1.813786e-02 2 4 1.451049e+00 20 2.938544e-01 2.059522e-01
4.437067e-01 1.690203e-01 3.948735e-02 4.143123e-02 5 3 1.632089e+00 27 2.260663e-01 1.088503e-01
6.010586e-01 1.494721e-01 1.987952e-03 2.176387e-02 1 5 1.426114e+00 140 4.459735e-01 3.535871e-01
1.283179e-01 7.757514e-01 3.471537e-02 3.079516e-02 2 4 1.463662e+00 191 2.308855e-01 5.204803e-01
2.676287e-01 7.160601e-01 6.573340e-02 2.657001e-02 5 4 2.275207e+00 146 3.908869e-01 7.390229e-01
4.319197e-01 5.143372e-01 4.543224e-02 4.896933e-02 1 1 2.818274e+00 22 3.354794e-01 6.452740e-01
6.043730e-01 7.245890e-01 9.589537e-02 1.753779e-02 2 4 2.595447e+00 192 3.623196e-01 7.898427e-01
3.700698e-01 7.643103e-01 1.192644e-02 4.043987e-02 5 5 1.485542e+00 81 1.774415e-01 8.595695e-01
4.962920e-01 8.485024e-01 8.765744e-02 4.720555e-02 1 5 2.758569e+00 70 3.904999e-01 1.316544e-01
5.174086e-01 7.930578e-01 3.362999e-02 4.751312e-02 2 4 2.899377e+00 82 1.596269e-01 7.641407e-01
7.555172e-01 1.560992e-01 1.402617e-03 1.298806e-02 3 3 2.526736e+00 14 1.458241e-01 3.745873e-01
7.271933e-01 7.893243e-01 2.969189e-02 2.447355e-02 3 4 2.209575e+00 29 4.722347e-01 5.561618e-01
4.623845e-01 3.583887e-01 7.632751e-02 4.783904e-02 4 1 2.235312e+00 135 7.506579e-02 2.856455e-01
8.766264e-01 7.879646e-01 3.947395e-02 3.882270e-02 1 5 1.353115e+00 151 5.261923e-02 5.091889e-01
2.593880e-01 2.847986e-01 2.281714e-02 4.642519e-03 5 2 2.652529e+00 72 4.487363e-01 3.302310e-01
7.628887e-01 3.734670e-01 9.694712e-02 3.617705e-03 3 5 2.000982e+00 96 3.732634e-01 8.240445e-01
7.479571e-01 8.626900e-01 2.008668e-02 4.448366e-02 3 3 2.118553e+00 180 4.838458e-01 7.262050e-01
5.868022e-01 2.989920e-01 8.125241e-02 7.020435e-03 5 3 2.156869e+00 135 5.164918e-03 7.005295e-01
3.956015e-01 5.591263e-01 6.545675e-02 4.654410e-02 5 3 2.694898e+00 52 7.987202e-02 2.905579e-01
7.883389e-01 5.383468e-01 1.234782e-02 2.318406e-02 5 4 2.924013e+00 147 4.275131e-01 5.164036e-01
8.182603e-01 6.605123e-01 8.580614e-02 3.991094e-02 4 3 2.553913e+00 66 2.176247e-01 5.890447e-01
2.403030e-01 2.335057e-01 4.563667e-02 3.051906e-02 3 4 2.334698e+00 117 5.941416e-02 2.730578e-01
1.475173e-01 7.900270e-01 6.398015e-02 8.827390e-03 2 2 1.428301e+00 26 4.857527e-01 5.672880e-01
3.913729e-01 8.921185e-01 9.638528e-02 4.381324e-02 3 4 2.493882e+00 122 2.811953e-01 8.998124e-01
2.038275e-01 6.137523e-01 9.656635e-02 2.586007e-02 3 5 2.076767e+00 180 3.487585e-01 6.614932e-01
1.609626e-01 8.937729e-01 6.606905e-02 3.863724e-02 5 4 2.340388e+00 53 1.826539e-01 8.288491e-01
8.776938e-01 4.164348e-01 3.680547e-02 1.059330e-02 1 3 2.783325e+00 39 1.984925e-01 6.592423e-01
5.449891e-01 6.254457e-01 4.124715e-02 6.317666e-03 3 3 2.763960e+00 93 2.348156e-01 6.794978e-01
5.782424e-01 3.076856e-01 3.205519e-02 3.942679e-02 1 3 1.591784e+00 16 1.086846e-01 2.957541e-01
7.902882e-01 4.475200e-01 1.762846e-03 1.549594e-02 1 2 1.213039e+00 83 1.490585e-01 7.261389e-01
8.404708e-01 5.744094e-01 2.012243e-02 3.293616e-02 1 1 2.239406e+00 70 4.997228e-01 1.250453e-01
1.524441e-01 2.537359e-01 4.482500e-02 1.013787e-02 5 2 2.936840e+00 147 1.861593e-01 1.841177e-01
8.311408e-01 5.507176e-01 4.387925e-02 1.628724e-02 1 3 2.191580e+00 125 4.516070e-01 6.614932e-01
2.914550e-01 2.912580e-01 4.417787e-02 2.165478e-02 5 2 2.229131e+00 35 9.958619e-02 7.133674e-01
2.652953e-01 4.198558e-01 4.335304e-03 3.330177e-03 1 3 2.266958e+00 181 1.612220e-01 6.422766e-01
7.621486e-01 7.822896e-01 7.529651e-02 4.452497e-02 3 4 1.651921e+00 152 8.974634e-02 3.043590e-01
5.374443e-01 6.765143e-01 9.393636e-02 2.913633e-02 5 1 1.153286e+00 87 1.444923e-01 7.422687e-01
3.482079e-01 8.056358e-01 2.920042e-02 1.904706e-03 4 5 2.260030e+00 26 4.319578e-01 6.189343e-01
3.249985e-01 6.727450e-01 5.653862e-02 3.954504e-02 3 5 2.456863e+00 68 3.697646e-01 1.883218e-01
3.788978e-01 5.767605e-01 9.862063e-02 2.149546e-02 2 4 1.322665e+00 166 3.723805e-01 1.347943e-01
7.103070e-01 7.686796e-01 1.473074e-02 1.137718e-02 4 1 1.799259e+00 57 1.761976e-01 8.911364e-01
2.854144e-01 4.275100e-01 9.210851e-02 3.873407e-02 5 2 1.248942e+00 39 3.258874e-01 5.282538e-01
8.675193e-01 4.004006e-01 9.558369e-02 2.440031e-02 2 5 1.322159e+00 46 1.881334e-02 3.754971e-01
1.409752e-01 8.021709e-01 6.747244e-02 1.248741e-02 2 3 1.608749e+00 114 1.186879e-01 5.815578e-01
2.613718e-01 4.593718e-01 6.476910e-02 2.893149e-02 1 3 2.580465e+00 34 4.389407e-01 5.496290e-01
3.807024e-01 2.998465e-01 8.768251e-02 3.545537e-02 4 3 1.630361e+00 112 3.575372e-01 7.451744e-01
4.680083e-01 7.453205e-01 3.812634e-03 2.318406e-02 2 1 2.006053e+00 153 4.544387e-01 3.944808e-01
4.338975e-01 3.035667e-01 5.316430e-02 2.716850e-03 1 5 2.434076e+00 103 4.919545e-01 3.121110e-01
4.654800e-01 7.996244e-01 2.203808e-02 2.974758e-02 2 3 1.944770e+00 89 4.128668e-01 7.188913e-01
5.686693e-01 4.831682e-01 2.681850e-02 4.414473e-02 3 1 1.397246e+00 148 4.723128e-01 5.622914e-01
2.234618e-01 2.541859e-01 7.487940e-02 4.376958e-02 4 3 2.579884e+00 123 2.981568e-01 5.918417e-01
3.567908e-01 3.400271e-01 6.047807e-02 2.133786e-02 2 1 2.938978e+00 69 1.612220e-01 8.133581e-01
2.483204e-01 8.629836e-01 6.175757e-02 1.062064e-02 3 2 2.770330e+00 116 2.301990e-01 1.904261e-01
6.899866e-01 4.162468e-01 6.409286e-02 4.586023e-02 2 5 2.051353e+00 67 1.143310e-01 2.576573e-01
8.862633e-01 6.371500e-01 5.446612e-02 4.184734e-02 4 1 1.847391e+00 161 4.109065e-01 7.901770e-01
3.164751e-01 5.671678e-01 4.746181e-02 1.326914e-02 4 4 2.945531e+00 180 2.824623e-01 3.259088e-01
3.605767e-01 7.443354e-01 6.606905e-02 3.357508e-03 3 1 1.608749e+00 169 6.543698e-03 7.594839e-01
6.980635e-01 7.954868e-01 2.801260e-02 1.008867e-02 1 1 2.954371e+00 77 3.255629e-01 3.223670e-01
8.549946e-01 8.327248e-01 4.093755e-02 3.446774e-02 5 2 1.649743e+00 132 2.200459e-01 3.219075e-01
4.772028e-01 1.978567e-01 2.282074e-02 3.851055e-02 3 3 1.490309e+00 131 4.015747e-01 8.105391e-01
6.476505e-01 1.005682e-01 4.287734e-02 8.095567e-03 5 4 1.947831e+00 29 3.107268e-01 7.888039e-01
5.965955e-01 6.970588e-01 8.266660e-02 2.009881e-02 2 1 2.670633e+00 191 3.337301e-01 1.868391e-01
8.642056e-01 2.428091e-01 1.563165e-02 8.115115e-03 3 5 1.454134e+00 83 9.923689e-02 8.314347e-01
1.777859e-01 6.342894e-01 9.289269e-02 2.748753e-02 2 3 2.767310e+00 84 4.396760e-01 1.106818e-01
3.265751e-01 8.364246e-01 8.806944e-02 3.320976e-02 2 3 2.315073e+00 73 1.220746e-01 4.726455e-01
6.637345e-01 7.755799e-01 4.144405e-02 6.667935e-03 2 3 2.839208e+00 165 4.386468e-01 7.631863e-01
6.891280e-01 3.460704e-01 3.818498e-02 1.126852e-02 4 5 1.217672e+00 134 2.938544e-01 1.688520e-01
4.128215e-01 5.160670e-01 4.543224e-02 2.154252e-02 3 4 2.487121e+00 126 1.522133e-01 8.851548e-01
2.026366e-01 3.501946e-01 6.022476e-02 1.776808e-02 2 2 1.697017e+00 35 2.472728e-02 4.354571e-01
1.751222e-01 1.856609e-01 3.203706e-02 1.559737e-02 5 3 2.239406e+00 142 4.541552e-01 5.521982e-01
4.155106e-01 3.082510e-01 8.765744e-02 3.121126e-02 3 1 2.784070e+00 46 4.528144e-01 5.716074e-01
3.040936e-01 6.922964e-01 1.212099e-02 1.753779e-02 2 3 2.758569e+00 181 3.624219e-01 7.262050e-01
6.067641e-01 4.779835e-01 1.383679e-02 4.909359e-02 2 5 1.753821e+00 113 1.862545e-01 3.449003e-01
8.790055e-01 4.848632e-01 3.900530e-02 5.829324e-03 4 2 2.379703e+00 198 1.834590e-01 2.119096e-01
5.956107e-01 8.363361e-01 7.199285e-02 2.598015e-02 4 3 1.942779e+00 70 6.447875e-02 7.372905e-01
5.796411e-01 5.184712e-01 3.033274e-02 2.055457e-02 1 3 1.612840e+00 182 5.177604e-02 7.459760e-01
4.411888e-01 1.366647e-01 8.950352e-02 2.888629e-02 2 5 1.566826e+00 83 1.941574e-01 4.113169e-01
8.285912e-01 1.829780e-01 5.743430e-03 4.481956e-02 3 1 1.660322e+00 32 4.952527e-01 3.885686e-01
2.424448e-01 2.997419e-01 5.316430e-02 4.014025e-02 4 3 2.881438e+00 163 2.195597e-01 8.817495e-01
5.589595e-01 7.476302e-01 2.035441e-02 3.087993e-02 1 2 1.891073e+00 23 4.673234e-01 2.454181e-01
3.112901e-01 3.485232e-01 2.681850e-02 2.349759e-02 3 1 1.081894e+00 114 6.447875e-02 7.389527e-01
2.212183e-01 2.720939e-01 4.009855e-02 2.840128e-02 3 5 1.313173e+00 78 1.043069e-01 5.049256e-01
6.734513e-01 2.451592e-01 1.473074e-02 4.051790e-02 2 5 1.884950e+00 100 1.952398e-01 1.606446e-01
3.441843e-01 5.845745e-01 4.496043e-02 1.918127e-03 4 3 1.603536e+00 131 3.372151e-01 7.025269e-01
7.670751e-01 3.422432e-01 2.048045e-02 2.501603e-02 1 4 1.036445e+00 17 6.854495e-02 8.556964e-01
3.924249e-01 5.989581e-01 9.331543e-02 3.882270e-02 1 1 1.632370e+00 54 3.636432e-01 7.514022e-01
1.983129e-01 2.912580e-01 1.382781e-02 4.751312e-02 2 1 1.014859e+00 65 1.038018e-01 5.895431e-01
1.115342e-01 3.348301e-01 2.449089e-02 2.158110e-02 1 2 2.008394e+00 35 1.100467e-01 8.468150e-01
8.944325e-01 5.671678e-01 8.598035e-02 3.809065e-02 1 2 2.714760e+00 175 5.019905e-02 3.578667e-01
3.019955e-01 3.541046e-01 2.261663e-02 1.524901e-02 5 4 2.010078e+00 71 1.329946e-01 4.903300e-01
5.768454e-01 4.640618e-01 4.758581e-02 4.479294e-02 2 2 1.992158e+00 162 4.460976e-01 6.837761e-01
5.989520e-01 8.749140e-01 2.297932e-02 3.717646e-02 4 2 1.795395e+00 155 5.398555e-02 4.259453e-01
3.131489e-01 1.858807e-01 7.658079e-02 4.841708e-02 4 3 1.318168e+00 11 6.101637e-02 4.540740e-01
2.488441e-01 4.593718e-01 8.206163e-02 2.360332e-02 2 3 1.239493e+00 181 3.585116e-01 5.203216e-01
1.819173e-01 1.381163e-01 2.481430e-02 9.855376e-03 2 4 2.918267e+00 71 2.503318e-01 1.492100e-01
3.122230e-01 6.762730e-01 8.485922e-02 1.048380e-02 2 1 1.697017e+00 89 3.478679e-01 1.158090e-01
3.156633e-01 7.695521e-01 9.613005e-02 2.558668e-02 1 2 2.108555e+00 73 3.187201e-01 5.837632e-01
8.112595e-01 5.233350e-01 9.966000e-02 3.357508e-03 1 1 2.682707e+00 17 4.884439e-01 3.368681e-01
5.647431e-01 8.708687e-01 8.689512e-02 8.274092e-03 2 2 1.035051e+00 131 3.837618e-01 1.295207e-01
5.419748e-01 3.722796e-01 1.157611e-02 2.262029e-02 5 2 2.773051e+00 121 4.533059e-01 2.272387e-01
8.354949e-01 7.674874e-01 9.804054e-02 1.953202e-02 4 4 2.767310e+00 181 1.299067e-01 2.324155e-01
6.137649e-01 5.349074e-01 9.887093e-02 2.169078e-03 5 5 1.893514e+00 123 3.009039e-02 4.053558e-01
4.822973e-01 7.501974e-01 7.002516e-03 3.121126e-02 4 1 1.881993e+00 36 4.271439e-02 6.352035e-01
4.220975e-01 7.159621e-01 1.906880e-02 3.499294e-02 3 5 2.716638e+00 39 2.297243e-01 8.964847e-01
1.027943e-01 7.570399e-01 6.606905e-02 1.584470e-02 3 3 1.407052e+00 87 1.340765e-02 1.088870e-01
3.152730e-01 4.253152e-01 9.250541e-02 3.942679e-02 1 5 2.011551e+00 53 1.947793e-01 1.539777e-01
8.021085e-01 2.067149e-01 1.965539e-02 4.153525e-02 5 2 1.377031e+00 43 3.210709e-01 7.178989e-01
2.161890e-01 1.061253e-01 6.547769e-03 1.547884e-03 2 3 2.610478e+00 70 3.107268e-01 3.283216e-01
8.800554e-01 4.877938e-01 3.143166e-02 1.684597e-02 3 5 1.046105e+00 76 3.255629e-01 8.741389e-01
3.181899e-01 5.068488e-01 2.469673e-02 3.863724e-02 1 4 1.342299e+00 81 3.945493e-01 6.094179e-01
1.882811e-01 2.131662e-01 4.828000e-02 2.649984e-02 4 3 1.691276e+00 88 1.901294e-01 3.470924e-01
2.251181e-01 7.080713e-01 6.831312e-02 1.245880e-02 5 3 1.610996e+00 44 4.993935e-01 3.956190e-01
3.914594e-01 4.601497e-01 1.046286e-02 2.349759e-02 4 2 1.135339e+00 116 2.313397e-01 6.911063e-01
6.166728e-01 3.541046e-01 9.887093e-02 2.913633e-02 1 2 1.665557e+00 119 2.118812e-01 8.848937e-01
8.314892e-01 7.067713e-01 2.624886e-02 4.135344e-02 1 1 2.360255e+00 113 4.105749e-01 6.999837e-01
2.289021e-01 1.950164e-01 3.661194e-02 6.317666e-03 3 1 2.007576e+00 197 2.874346e-01 3.103278e-01
7.435791e-01 2.373373e-01 7.159090e-02 4.248770e-02 2 1 1.428703e+00 175 2.788212e-01 6.942845e-01
1.159351e-01 5.955531e-01 9.639052e-02 4.101555e-02 1 5 2.177469e+00 45 3.110074e-01 6.498402e-01
2.759800e-01 2.441739e-01 2.802275e-02 6.648699e-03 2 3 2.670633e+00 57 1.039223e-01 1.786824e-01
3.514987e-01 5.741824e-01 4.318168e-03 3.674827e-03 5 3 2.216592e+00 110 3.945493e-01 7.932642e-01
1.274525e-01 5.492828e-01 8.398972e-02 2.677393e-02 4 3 2.300700e+00 86 4.105749e-01 3.480063e-01
3.757589e-01 2.726580e-01 6.694374e-02 3.224957e-02 1 3 2.476964e+00 179 2.569577e-01 2.249093e-01
7.045496e-01 3.255935e-01 2.777269e-02 8.133329e-03 2 4 1.089071e+00 189 4.952527e-01 7.326244e-01
2.109859e-01 4.219925e-01 7.483200e-02 2.494964e-02 5 2 2.299607e+00 147 1.175462e-01 6.207775e-01
3.292526e-01 2.047385e-01 2.491214e-02 4.614257e-02 2 2 1.463662e+00 30 4.301300e-01 8.031124e-01
8.931478e-01 1.665202e-01 3.948735e-02 4.677607e-03 4 3 2.497071e+00 92 2.752600e-02 6.786410e-01
1.359726e-01 4.937840e-01 1.987952e-03 1.776808e-02 1 2 1.554370e+00 14 3.110074e-01 8.754361e-01
2.043313e-01 8.536312e-01 7.483200e-02 2.702998e-02 1 1 2.882675e+00 152 2.123439e-01 1.088870e-01
2.724434e-01 4.037205e-01 4.736550e-02 4.754269e-02 5 3 1.398627e+00 171 4.487363e-01 2.068716e-01
1.535926e-01 7.194048e-01 6.096753e-02 4.626111e-02 5 3 1.275205e+00 157 7.139216e-03 5.530771e-01
1.512458e-01 6.233937e-01 8.113320e-03 1.059566e-02 4 3 1.870201e+00 156 4.407849e-01 2.421585e-01
2.686919e-01 4.618231e-01 9.590250e-02 3.280766e-03 1 4 1.212442e+00 30 1.289286e-01 7.936792e-01
6.377407e-01 1.096325e-01 9.510858e-02 1.407900e-02 1 5 1.923814e+00 194 1.834590e-01 8.241787e-01
8.732609e-01 4.087101e-01 5.936809e-02 3.739979e-02 3 4 2.037115e+00 86 1.348352e-01 5.301429e-01
7.602973e-01 7.296364e-01 1.814809e-03 1.965792e-02 2 3 1.078343e+00 175 2.077858e-01 4.296019e-01
7.540957e-01 4.619788e-01 4.561637e-02 5.874401e-03 2 5 2.328896e+00 35 3.266477e-01 2.307568e-01
2.501158e-01 7.722036e-01 9.250541e-02 1.800086e-02 5 2 1.701753e+00 136 2.891210e-01 5.672880e-01
8.249283e-01 6.603887e-01 9.920987e-02 1.696256e-02 4 2 2.419684e+00 194 3.990790e-01 1.406013e-01
2.078957e-01 8.503740e-01 2.261461e-02 8.320370e-03 4 2 1.670388e+00 117 1.915802e-01 1.841177e-01
5.281148e-01 4.937840e-01 3.800864e-02 3.280766e-03 1 4 2.710995e+00 103 1.574520e-01 5.799756e-01
1.553796e-01 3.095870e-01 4.736550e-02 2.988498e-02 3 1 1.155816e+00 12 2.542477e-01 1.922904e-01
5.132484e-01 1.888055e-01 6.709247e-02 3.682469e-02 3 3 2.340753e+00 114 8.218868e-02 4.971544e-01
5.526037e-01 2.527829e-01 4.155871e-02 4.685031e-02 1 1 2.758569e+00 43 3.710016e-01 2.085679e-01
3.499128e-01 5.990379e-01 2.359558e-02 1.126852e-02 1 4 1.692685e+00 46 1.459081e-01 8.044537e-01
6.022742e-01 2.980538e-01 7.114270e-02 4.376958e-02 4 5 1.992102e+00 87 3.636432e-01 7.874929e-01
7.676011e-01 3.506467e-01 5.013780e-02 2.974448e-02 4 5 2.518596e+00 130 1.678074e-01 6.751537e-01
7.119256e-01 2.847986e-01 5.075895e-02 4.677607e-03 3 1 1.145321e+00 22 4.993935e-01 2.228287e-01
3.987290e-01 4.030726e-01 6.661747e-02 1.281193e-02 2 2 1.338016e+00 79 2.640813e-01 4.783277e-01
1.987787e-01 2.876870e-01 6.814126e-02 3.733880e-02 4 5 1.971400e+00 81 1.299067e-01 5.282538e-01
7.497776e-01 5.560714e-01 2.268206e-04 3.807048e-02 5 3 1.603450e+00 19 3.469406e-01 2.333151e-01
5.479467e-01 1.649247e-01 3.502914e-02 1.387616e-02 2 2 1.917852e+00 65 5.618977e-02 7.422139e-01
5.549776e-01 5.167866e-01 5.992394e-02 1.695004e-02 3 3 2.677378e+00 68 7.840257e-02 6.363290e-01
3.854481e-01 4.796738e-01 7.857785e-02 4.973485e-02 2 1 1.972900e+00 181 4.533059e-01 7.287138e-01
2.971370e-01 4.044896e-01 1.998538e-02 3.807048e-02 3 1 2.911316e+00 181 2.779117e-02 6.659745e-01
4.628042e-01 2.771261e-01 4.155871e-02 3.605761e-02 3 2 1.229205e+00 63 2.292608e-01 8.799615e-01
3.744403e-01 3.893499e-01 8.741797e-02 5.804288e-03 4 1 1.761493e+00 165 2.559841e-01 6.384894e-01
1.686855e-01 1.110216e-01 7.781732e-02 2.087368e-02 3 4 1.666376e+00 180 3.575554e-01 1.905463e-01
2.543022e-01 2.292517e-01 5.184218e-02 2.087368e-02 1 3 1.779153e+00 162 2.977990e-01 8.285620e-01
7.500938e-01 8.347087e-01 8.465049e-02 2.600770e-02 4 3 1.380465e+00 25 4.459735e-01 2.947205e-01
8.488657e-01 3.312557e-01 1.008163e-02 2.110901e-02 3 3 2.881876e+00 80 1.957297e-01 3.745873e-01
5.304268e-01 1.381163e-01 6.096753e-02 1.369199e-02 2 5 1.550782e+00 75 1.432941e-01 1.845710e-01
6.909151e-01 6.361903e-01 1.856327e-03 4.112833e-02 4 5 2.248537e+00 152 2.993486e-01 5.361559e-01
5.070737e-01 7.030541e-01 7.842648e-02 7.607832e-03 4 5 2.134926e+00 173 2.599696e-01 5.655986e-01
3.655243e-01 5.998070e-01 4.758581e-02 2.041257e-02 5 2 1.481415e+00 54 2.715593e-01 1.083810e-01
6.582242e-01 7.080713e-01 8.770024e-02 4.440291e-03 3 1 2.334698e+00 57 3.451622e-01 7.459760e-01
2.249082e-01 8.271714e-01 1.758816e-03 7.603497e-03 1 2 2.443347e+00 119 5.453493e-02 3.700071e-01
7.346366e-01 7.112053e-01 2.449089e-02 4.051790e-02 1 3 1.773049e+00 159 1.881334e-02 1.904261e-01
5.720246e-01 2.325310e-01 5.079094e-02 1.954608e-02 1 1 2.839208e+00 182 4.516070e-01 1.462237e-01
5.248061e-01 4.388531e-01 9.804054e-02 7.734565e-03 2 2 1.403611e+00 93 2.293313e-01 3.088583e-01
7.254814e-01 6.305107e-01 9.061668e-02 3.739979e-02 2 1 2.698548e+00 40 4.119548e-01 5.890447e-01
1.334509e-01 2.720939e-01 2.946708e-02 2.339881e-02 1 5 2.162486e+00 22 2.954847e-01 2.612960e-01
5.507047e-01 3.122030e-01 7.471444e-02 4.143123e-02 1 3 2.810726e+00 36 1.198976e-01 5.773575e-01
3.894196e-01 5.741824e-01 7.581521e-02 4.197907e-02 3 3 1.313173e+00 174 2.805788e-01 1.948572e-01
1.341284e-01 2.607144e-01 8.701070e-02 2.446724e-03 5 1 1.769966e+00 47 1.046107e-01 6.372796e-01
3.559664e-01 6.568031e-01 9.391602e-02 4.667637e-02 1 4 1.297343e+00 95 3.367804e-01 1.367011e-01
2.806516e-01 6.718331e-01 5.649021e-02 2.649984e-02 4 4 2.035117e+00 53 3.412218e-01 2.545843e-01
1.118408e-01 2.541859e-01 6.175757e-02 4.580481e-02 3 5 1.654684e+00 52 1.957297e-01 6.598999e-01
6.576975e-01 7.006030e-01 6.086217e-02 1.081941e-02 1 2 2.992545e+00 73 1.186879e-01 7.932642e-01
2.791224e-01 3.298571e-01 4.758581e-02 3.454827e-02 1 2 1.404272e+00 195 1.543855e-01 5.984993e-01
7.662081e-01 6.359490e-01 9.639052e-02 3.317270e-02 1 3 2.882675e+00 63 3.916196e-01 8.811322e-01
7.881257e-01 2.016345e-01 3.622037e-02 3.893397e-02 4 3 1.090434e+00 117 2.864198e-01 5.799756e-01
4.166369e-01 4.939076e-01 3.949202e-02 4.432306e-02 4 3 2.506144e+00 186 4.834488e-01 3.115119e-01
8.862633e-01 3.427699e-01 9.483287e-02 1.251319e-02 3 4 2.086713e+00 127 7.408838e-02 8.052575e-01
5.306320e-01 2.954684e-01 4.339130e-02 8.185627e-03 1 2 1.291108e+00 105 3.936869e-01 1.158090e-01
4.328958e-01 8.710488e-01 9.678443e-02 4.121730e-02 5 3 1.318168e+00 15 4.721486e-01 2.954655e-01
8.899529e-01 1.900158e-01 9.378387e-02 2.598015e-02 2 3 2.683446e+00 48 8.974634e-02 7.106708e-01
6.660814e-01 6.169900e-01 2.491214e-02 2.169078e-03 4 2 2.930443e+00 154 8.644799e-02 6.328299e-01
6.549143e-01 8.723094e-01 7.890409e-02 1.411443e-02 1 2 1.592495e+00 71 1.254337e-01 8.168045e-01
4.779197e-01 6.342894e-01 6.902456e-02 2.547950e-02 5 1 1.730296e+00 85 1.975794e-01 1.088503e-01
1.230289e-01 5.476650e-01 3.869147e-02 1.086429e-02 5 4 2.823840e+00 132 2.372812e-01 8.257207e-01
1.666565e-01 8.580777e-01 3.818498e-02 3.991094e-02 1 5 2.437379e+00 182 9.464571e-02 7.057318e-01
4.847620e-01 7.126844e-01 7.668008e-02 7.869759e-03 1 4 1.835669e+00 97 4.010466e-01 4.851290e-01
7.537915e-01 7.155663e-01 8.298383e-02 3.907701e-03 4 4 1.310028e+00 83 4.903085e-01 2.481796e-01
7.957148e-01 1.090309e-01 6.555342e-02 3.079558e-02 1 5 2.916543e+00 161 3.623196e-01 1.554342e-01
7.590506e-01 7.603438e-01 1.580962e-02 1.676644e-02 3 4 2.640278e+00 150 3.397919e-02 3.303677e-01
2.020272e-01 2.117723e-01 1.212099e-02 4.981226e-02 5 5 1.689165e+00 92 1.826539e-01 7.572573e-01
7.613979e-01 8.192871e-01 6.249976e-02 3.907701e-03 4 2 1.023329e+00 69 4.488182e-01 7.024070e-01
5.653352e-01 2.991586e-01 3.900530e-02 1.141802e-02 5 2 1.154806e+00 153 1.915802e-01 8.761989e-01
3.335007e-01 1.548721e-01 5.633629e-02 9.791525e-03 3 1 2.012273e+00 158 2.260663e-01 3.449003e-01
5.492447e-01 2.131662e-01 4.932160e-02 3.451834e-02 1 1 2.635910e+00 97 3.475215e-01 2.285176e-01
2.464014e-01 3.849233e-01 5.026295e-02 2.616059e-02 5 3 2.705713e+00 42 4.858864e-01 4.816806e-01
2.854144e-01 1.366647e-01 1.841032e-05 2.888629e-02 3 3 2.250727e+00 151 3.230168e-01 4.022230e-01
3.712720e-01 7.426088e-01 2.449757e-02 2.879886e-02 3 3 2.640900e+00 125 1.348352e-01 3.219364e-01
1.074045e-01 7.041584e-01 8.298383e-02 1.596902e-02 3 5 2.331304e+00 188 3.337301e-01 4.887079e-01
6.647386e-01 2.997419e-01 7.240203e-02 2.137911e-02 2 1 2.480165e+00 102 1.220746e-01 2.176544e-01
5.779134e-01 1.332820e-01 1.638360e-02 3.620871e-02 4 3 2.334698e+00 89 1.300229e-01 5.825470e-01
8.519385e-01 8.528130e-01 8.480778e-03 2.379247e-02 1 4 2.913106e+00 103 4.613900e-02 1.952800e-01
7.101149e-01 1.119076e-01 6.875941e-02 2.889372e-02 3 3 1.535826e+00 19 4.322591e-01 2.611374e-01
4.925707e-01 4.283820e-01 5.894339e-03 8.880920e-03 2 4 1.810299e+00 22 3.061772e-01 8.853750e-01
6.314265e-01 6.463664e-01 2.674173e-02 2.994613e-02 4 1 1.442096e+00 39 2.869573e-01 5.853316e-01
7.920362e-01 4.136084e-01 9.639052e-02 3.797481e-02 5 2 2.881876e+00 51 3.905108e-01 7.970811e-01
1.995531e-01 6.018529e-01 4.127762e-02 4.003418e-02 1 5 1.449575e+00 184 4.774552e-01 2.933871e-01
8.846529e-01 2.449415e-01 7.188160e-02 1.826512e-02 5 2 1.147033e+00 20 1.061248e-01 8.523918e-01
7.988370e-01 1.307945e-01 6.905406e-03 3.342823e-02 3 4 1.299673e+00 164 1.491639e-01 2.437883e-01
2.534412e-01 6.272546e-01 7.857785e-02 3.593024e-02 4 1 1.081894e+00 70 1.993149e-01 6.742467e-01
4.055872e-01 6.926594e-01 4.094198e-02 2.494394e-02 1 5 2.616623e+00 65 4.322591e-01 8.238635e-01
5.889871e-01 8.532357e-01 9.378387e-02 4.851624e-02 3 2 2.392946e+00 56 8.955192e-02 3.366535e-01
7.934099e-01 5.767605e-01 9.492185e-02 4.377624e-02 3 4 2.579884e+00 140 2.475948e-01 1.922904e-01
7.294905e-01 1.794178e-01 6.817487e-02 1.225303e-03 5 5 2.323126e+00 47 4.697294e-01 1.206194e-01
1.191128e-01 7.643103e-01 3.216430e-02 3.532565e-02 3 5 2.640900e+00 11 2.493280e-01 2.976366e-01
7.279471e-01 5.861847e-01 8.923387e-02 4.479294e-02 1 1 2.089113e+00 77 4.701873e-01 7.764789e-01
7.418878e-01 1.568917e-01 3.449713e-03 2.975002e-02 4 3 1.800133e+00 175 4.919071e-01 8.972328e-01
5.059421e-01 1.920773e-01 7.668008e-02 4.165715e-03 1 5 2.635910e+00 194 2.878313e-02 7.410693e-01
2.376422e-01 2.344547e-01 6.566404e-03 1.135755e-03 4 3 2.010078e+00 126 2.591202e-01 5.311196e-01
1.323330e-01 4.575422e-01 5.457319e-02 3.823678e-02 2 5 1.049031e+00 48 3.994861e-01 4.059899e-01
5.095442e-01 3.586268e-01 3.812634e-03 8.873983e-03 3 2 1.960318e+00 47 4.143367e-01 8.105391e-01
8.725539e-01 8.937729e-01 1.589154e-02 3.620871e-02 4 2 2.841534e+00 57 2.099813e-01 8.622926e-01
6.061758e-01 3.675950e-01 1.758816e-03 1.971248e-02 3 2 1.675110e+00 87 3.029535e-01 7.188913e-01
6.172241e-01 2.074079e-01 3.930362e-03 3.155965e-02 4 1 1.694534e+00 30 1.461999e-01 2.472156e-01
4.694324e-01 3.360010e-01 7.437228e-02 4.247640e-03 2 2 1.745215e+00 146 1.670707e-01 8.889517e-01
6.403919e-01 5.989581e-01 9.804054e-02 2.478212e-02 1 1 2.292256e+00 126 2.292164e-02 2.513942e-01
8.918767e-01 5.376563e-01 5.917897e-02 4.838543e-02 4 4 1.632089e+00 77 2.825569e-01 8.558064e-01
8.343277e-01 1.166672e-01 3.477353e-02 1.971248e-02 1 2 2.286454e+00 191 1.638441e-01 3.529025e-01
7.762948e-01 6.061460e-01 1.667012e-02 4.499570e-02 1 2 2.715024e+00 107 4.172389e-01 3.927094e-01
7.152959e-01 3.836522e-01 7.404455e-02 2.478212e-02 4 1 1.855918e+00 151 2.742115e-01 2.040143e-01
7.019491e-01 7.159621e-01 8.490590e-02 1.895275e-03 2 1 2.112238e+00 34 1.195986e-01 7.390229e-01
5.156748e-01 2.352352e-01 2.205393e-02 4.966768e-02 4 1 1.590310e+00 107 1.038230e-01 1.501726e-01
4.295171e-01 6.337356e-01 5.285551e-02 4.491755e-02 5 4 1.612196e+00 144 3.623620e-01 8.811322e-01
3.396305e-01 6.449260e-01 7.715707e-02 2.816103e-02 4 1 1.216511e+00 185 3.361644e-01 1.319229e-01
7.853093e-01 7.334371e-01 2.487852e-02 4.532896e-02 5 3 1.825164e+00 40 4.682703e-01 7.073796e-01
7.057249e-01 7.105494e-01 2.674173e-02 2.504649e-02 5 3 1.847391e+00 73 9.923689e-02 3.278258e-01
8.712261e-01 5.031062e-01 7.375271e-02 1.383273e-02 1 1 1.468497e+00 22 4.396760e-01 8.626197e-01
4.326264e-01 7.405524e-01 3.680547e-02 1.969328e-02 3 4 2.882675e+00 130 3.585116e-01 8.901893e-01
4.358228e-01 7.885309e-01 9.750742e-02 3.198801e-03 2 2 1.569231e+00 48 4.926138e-01 5.076405e-01
8.436159e-01 7.930578e-01 2.674173e-02 3.801521e-02 4 1 2.126266e+00 93 3.487585e-01 4.162926e-01
3.679620e-01 4.891130e-01 7.051959e-02 1.483037e-02 5 3 2.948336e+00 34 4.851650e-02 6.389850e-01
3.586026e-01 3.029330e-01 7.426510e-02 3.468525e-02 5 2 2.999062e+00 76 7.858041e-02 7.261389e-01
7.729658e-01 8.327248e-01 9.589537e-02 2.167279e-02 3 5 1.362850e+00 65 4.800440e-01 8.010251e-01
4.853629e-01 6.926594e-01 1.925969e-02 6.269566e-03 5 4 1.614576e+00 75 2.725819e-01 3.302310e-01
7.161660e-01 2.868573e-01 1.710819e-02 4.390177e-02 2 5 1.160408e+00 39 4.459735e-01 8.653199e-01
3.932066e-01 8.206678e-01 5.093465e-02 3.593024e-02 2 2 1.957537e+00 35 1.989973e-01 5.314306e-01
6.477502e-01 8.164699e-01 4.526020e-03 9.913702e-03 3 1 2.987415e+00 100 4.018077e-02 7.451744e-01
5.039806e-01 8.056358e-01 2.883302e-02 7.628319e-03 3 1 1.213039e+00 20 4.637375e-01 5.990650e-01
1.852311e-01 5.902104e-01 2.759452e-02 4.614257e-02 3 2 2.181212e+00 93 5.164918e-03 1.928112e-01
3.765574e-01 2.458144e-01 4.091899e-02 3.111741e-03 2 2 1.480575e+00 17 3.872223e-01 8.721036e-01
7.563599e-01 6.765143e-01 2.828623e-02 9.769507e-03 3 3 2.306049e+00 151 3.854155e-01 1.353609e-01
4.228166e-01 4.293894e-01 5.250899e-02 1.299050e-02 5 3 1.391003e+00 100 4.161796e-01 1.036240e-01
5.422059e-01 3.613119e-01 6.799906e-02 3.046458e-02 2 5 1.514972e+00 79 4.966504e-02 4.712809e-01
2.900561e-01 8.861305e-01 9.600274e-02 3.025516e-02 5 4 2.676182e+00 53 2.480477e-02 3.521412e-01
7.822013e-01 5.993393e-01 9.289269e-02 1.059566e-02 3 4 1.775275e+00 145 4.790772e-01 3.663154e-01
5.669851e-01 2.537359e-01 5.633629e-02 3.223970e-02 1 2 2.733109e+00 11 3.905108e-01 6.861499e-01
5.317551e-01 8.569209e-01 9.439151e-02 6.418570e-03 2 1 1.889328e+00 149 4.687983e-01 4.510707e-01
2.909888e-01 5.862668e-01 1.131221e-02 6.303189e-03 1 2 2.710242e+00 46 2.675310e-01 4.354571e-01
3.700698e-01 8.788841e-01 4.496530e-02 4.100792e-03 4 5 2.744466e+00 57 2.954281e-02 3.978005e-01
1.464623e-01 2.131662e-01 3.580549e-02 3.863724e-02 2 4 2.119788e+00 122 4.600378e-01 3.654151e-01
7.006463e-01 1.548721e-01 4.250311e-04 3.960772e-02 2 2 2.100552e+00 154 2.762454e-01 4.803021e-01
3.252701e-01 4.510077e-01 9.692877e-02 9.955562e-03 4 4 1.287597e+00 141 1.375623e-01 8.044537e-01
3.543760e-01 7.996244e-01 6.082125e-02 2.855967e-02 5 5 2.736745e+00 92 3.002277e-01 7.102759e-01
8.463333e-01 7.761615e-01 3.869147e-02 4.184734e-02 3 3 2.575100e+00 77 2.757739e-01 8.047129e-01
2.150394e-01 7.603438e-01 8.097267e-02 1.584470e-02 2 3 1.798444e+00 162 7.690358e-03 3.186298e-01
3.889095e-01 1.090309e-01 4.483972e-02 1.376254e-02 3 4 1.888717e+00 155 8.734710e-02 1.539777e-01
1.019928e-01 4.928219e-01 3.780987e-02 4.918310e-02 4 1 2.380463e+00 24 4.546640e-01 5.368281e-01
2.390386e-01 8.021709e-01 1.336590e-02 4.829560e-02 4 5 1.708579e+00 195 3.566621e-01 3.219075e-01
2.752263e-01 3.607980e-01 4.127762e-02 1.327920e-02 4 4 1.747307e+00 57 9.311844e-02 5.123225e-01
1.964253e-01 2.989920e-01 6.935519e-02 3.674827e-03 4 5 2.485614e+00 105 2.605871e-01 7.970811e-01
5.597550e-01 5.669842e-01 3.822931e-02 5.567011e-03 2 5 1.748658e+00 12 1.688982e-01 5.049256e-01
8.182603e-01 7.288350e-01 8.514266e-03 2.169078e-03 4 4 2.851788e+00 17 8.079491e-02 2.980722e-01
6.666261e-01 7.336642e-01 6.711582e-02 2.974448e-02 2 4 2.761036e+00 190 1.294889e-01 2.790076e-01
3.060286e-01 8.240659e-01 7.681029e-02 2.478393e-02 4 5 1.960318e+00 97 4.483131e-01 4.587335e-01
6.279215e-01 3.583887e-01 5.444729e-02 4.425392e-03 2 1 1.566826e+00 150 2.407190e-02 8.216286e-01
5.091534e-01 5.599612e-01 9.367052e-02 2.451671e-02 4 4 2.710995e+00 193 1.090199e-02 2.155804e-01
7.384804e-01 2.231201e-01 4.140018e-03 1.922870e-02 5 4 2.693016e+00 71 1.123531e-01 2.017443e-01
2.141793e-01 4.181482e-01 8.619312e-02 1.547884e-03 2 5 2.104377e+00 191 2.996375e-01 5.193297e-01
4.444155e-01 2.047385e-01 2.681850e-02 1.695004e-02 1 4 2.193193e+00 120 3.806305e-01 4.903300e-01
7.693397e-01 6.359490e-01 9.682626e-02 2.841072e-02 1 1 1.291676e+00 111 4.572250e-01 7.659336e-01
3.051172e-01 1.561656e-01 6.318487e-02 2.454509e-02 2 1 1.431560e+00 149 3.693293e-01 7.262050e-01
4.510323e-01 4.475200e-01 3.840846e-02 3.891913e-02 5 4 2.762282e+00 183 2.981568e-01 2.711648e-01
6.030342e-01 8.568521e-01 4.836033e-02 3.253667e-02 4 4 2.334698e+00 155 4.380802e-01 2.905579e-01
3.504622e-01 3.064634e-01 7.332795e-02 4.414473e-02 3 3 1.731897e+00 144 3.427948e-01 7.126136e-01
5.931273e-01 6.568031e-01 4.526020e-03 4.223719e-02 2 1 2.975797e+00 181 3.907872e-02 6.287334e-01
3.870382e-01 2.607144e-01 3.830522e-02 4.893087e-02 5 4 1.275498e+00 100 1.682337e-01 6.972445e-01
1.142323e-01 6.137523e-01 8.485572e-02 2.061331e-02 3 5 2.651491e+00 138 2.998403e-01 5.837851e-01
2.295146e-01 2.704831e-01 7.492873e-02 3.055662e-02 1 5 2.512702e+00 176 2.728422e-02 5.890447e-01
6.839529e-01 8.485024e-01 9.862063e-02 3.221909e-02 1 5 2.125475e+00 42 2.999713e-01 5.241586e-01
1.311844e-01 4.564114e-01 7.220290e-02 3.951326e-02 2 2 2.508287e+00 89 4.077913e-01 6.389240e-01
1.868168e-01 3.410653e-01 4.191115e-02 2.525099e-02 2 5 1.426136e+00 33 4.598940e-02 5.749292e-01
6.370247e-01 8.276901e-01 4.250311e-04 1.173376e-02 4 4 1.568669e+00 102 2.119479e-01 5.311196e-01
6.242862e-01 5.728964e-01 4.206097e-02 1.105815e-02 3 3 2.888842e+00 129 2.084758e-01 5.128336e-01
4.288682e-01 3.162299e-01 7.187812e-02 2.586007e-02 5 5 1.737026e+00 148 4.103610e-01 4.851290e-01
7.949042e-01 7.544166e-01 9.638528e-02 1.502259e-02 2 4 1.457995e+00 120 4.163886e-01 4.887079e-01
5.514622e-01 7.419858e-01 7.715707e-02 1.882548e-02 2 5 1.400409e+00 144 3.009039e-02 3.860314e-01
2.749961e-01 6.455422e-01 9.821234e-02 1.651040e-02 4 5 2.666481e+00 129 4.018077e-02 5.500678e-01
7.712325e-01 1.888617e-01 3.780987e-02 9.388636e-03 5 1 2.156760e+00 193 1.254337e-01 1.597831e-01
6.153799e-01 8.932751e-01 8.514266e-03 3.470179e-02 2 5 1.939057e+00 25 4.512427e-01 2.611374e-01
1.118408e-01 8.399282e-01 2.644488e-02 2.608576e-02 1 4 1.357268e+00 17 3.600146e-01 6.572685e-01
7.840314e-01 4.338933e-01 9.750742e-02 3.470179e-02 3 2 1.297246e+00 178 4.502778e-02 7.260246e-01
3.471279e-01 1.123594e-01 3.734137e-02 2.454509e-02 2 1 1.180903e+00 45 3.909736e-01 2.437883e-01
5.848966e-01 6.059618e-01 3.434371e-02 4.885519e-02 5 4 2.407534e+00 101 2.123439e-01 1.603773e-01
3.033977e-01 7.526791e-01 8.187684e-02 8.204260e-03 5 4 2.178383e+00 177 1.427102e-01 5.837851e-01
3.347180e-01 5.861847e-01 2.264003e-02 4.659257e-03 2 3 2.630899e+00 162 3.139694e-01 4.504427e-01
1.058815e-01 3.613119e-01 9.554661e-02 8.880920e-03 4 3 1.032784e+00 126 4.141838e-01 7.587477e-01
1.316189e-01 4.328383e-01 4.318168e-03 3.264209e-02 3 4 1.880299e+00 64 4.322591e-01 8.140706e-01
1.698843e-01 4.325849e-01 4.093755e-02 7.048582e-03 4 3 2.235312e+00 197 9.130480e-02 4.251443e-01
4.501553e-01 7.445905e-01 8.910579e-02 1.954608e-02 2 1 1.311945e+00 122 4.193084e-01 5.543426e-01
3.107433e-01 8.293862e-01 3.728946e-03 2.063869e-02 3 1 2.860702e+00 153 4.208622e-02 8.964847e-01
5.695072e-01 7.664763e-01 4.009855e-02 1.584144e-02 5 4 2.110211e+00 43 4.250852e-02 4.320248e-01
8.042078e-01 1.855494e-01 5.493674e-02 4.495617e-02 4 3 1.603536e+00 194 3.431361e-01 8.945651e-01
3.705212e-01 2.703687e-01 1.419298e-02 5.682312e-03 3 4 1.730296e+00 50 1.686268e-01 7.171743e-01
2.354725e-01 4.103120e-01 8.535340e-02 4.495492e-02 5 3 1.892649e+00 156 3.494650e-01 8.196152e-01
7.225391e-01 3.060879e-01 2.793113e-02 4.208914e-02 4 5 1.153286e+00 62 2.064867e-01 6.363290e-01
8.910105e-01 7.960664e-01 4.526020e-03 4.667219e-02 5 1 2.068917e+00 125 1.318527e-01 8.087203e-01
3.091359e-01 3.400271e-01 7.240203e-02 3.573769e-02 2 1 2.396303e+00 105 4.902743e-01 5.543426e-01
2.049701e-01 1.210267e-01 6.799906e-02 3.973849e-02 1 5 2.161619e+00 162 3.120284e-01 2.737757e-01
6.384354e-01 4.385608e-01 5.552401e-02 4.698204e-02 5 4 2.818274e+00 193 1.835065e-01 6.130560e-01
4.138150e-01 1.995377e-01 9.910446e-02 2.522312e-02 1 1 2.408801e+00 159 3.628176e-01 3.493833e-01
3.860067e-01 3.122030e-01 1.212099e-02 4.923438e-02 4 1 1.692685e+00 24 2.599696e-01 7.594839e-01
2.004966e-01 4.237218e-01 3.610202e-02 2.158110e-02 4 2 2.497383e+00 180 2.959321e-01 3.626587e-01
8.608683e-01 8.569209e-01 4.283309e-02 3.095801e-02 4 1 1.345398e+00 72 1.507696e-01 3.219075e-01
4.455773e-01 1.261889e-01 9.663280e-02 3.054895e-02 5 4 2.543999e+00 92 3.854155e-01 5.497312e-01
6.793814e-01 5.278567e-01 1.997297e-03 5.401705e-03 3 5 1.892137e+00 113 1.853471e-01 1.109803e-01
8.409417e-01 1.345407e-01 2.333543e-02 2.241730e-03 3 2 2.635570e+00 166 3.141247e-01 2.915714e-01
8.262766e-01 2.390830e-01 6.902456e-02 1.520943e-02 5 4 1.494020e+00 56 7.853024e-02 7.504355e-01
2.418300e-01 5.776292e-01 1.638360e-02 6.366415e-03 4 4 2.588546e+00 60 5.980483e-02 2.918387e-01
3.518391e-01 6.995299e-01 6.936265e-02 3.492857e-02 5 3 1.642922e+00 59 6.114073e-02 8.044537e-01
7.448353e-01 5.283737e-01 7.685469e-02 4.273806e-02 1 2 2.222330e+00 39 3.084090e-01 6.785693e-01
8.148309e-01 4.037205e-01 5.852821e-02 8.310490e-03 2 3 1.200538e+00 186 2.661937e-01 5.713615e-01
8.545632e-01 3.396076e-01 2.201608e-03 1.722716e-02 4 4 2.007576e+00 78 2.824623e-01 4.737396e-01
2.212183e-01 8.029675e-01 8.768251e-02 4.396447e-02 3 2 2.844552e+00 151 2.627202e-01 3.627014e-01
3.010565e-01 6.427394e-01 7.571724e-02 4.032817e-02 3 3 1.763211e+00 56 2.929014e-01 7.343823e-01
8.855619e-01 2.168657e-01 6.711582e-02 1.809344e-02 2 4 2.334698e+00 97 3.317091e-01 7.122444e-01
1.039464e-01 4.219925e-01 2.802275e-02 1.305198e-02 5 5 1.094639e+00 119 2.871380e-01 5.497312e-01
2.576368e-01 3.255935e-01 8.298383e-02 4.440813e-02 2 5 2.983545e+00 175 4.597842e-01 4.002926e-01
8.161671e-01 8.959945e-01 7.789647e-02 4.613315e-02 5 2 1.612840e+00 195 6.683061e-02 2.976366e-01
8.765401e-01 1.920929e-01 4.140018e-03 5.408573e-03 3 1 2.156194e+00 11 2.664724e-01 2.228287e-01
1.181434e-01 4.129152e-01 4.745883e-02 9.791525e-03 4 3 2.518316e+00 14 4.597617e-01 1.818918e-01
2.455863e-01 7.126844e-01 7.487940e-02 7.420247e-03 5 3 1.953181e+00 122 3.291209e-01 2.249093e-01
8.292934e-01 5.955531e-01 9.682626e-02 2.702426e-02 3 3 2.743054e+00 57 2.247691e-01 1.855893e-01
4.519837e-01 8.222830e-01 8.631102e-03 3.438973e-02 4 1 1.049031e+00 46 1.732668e-01 7.207177e-01
6.559478e-01 3.578009e-01 1.987952e-03 4.284416e-02 2 5 2.032767e+00 68 4.155049e-01 2.886267e-01
8.623590e-01 6.424664e-01 2.987150e-02 2.163537e-02 2 2 1.720244e+00 178 8.644799e-02 5.315701e-01
4.204940e-01 8.192871e-01 9.613005e-02 3.717646e-02 3 4 1.190489e+00 102 3.466651e-01 3.981379e-01
6.683404e-01 3.531922e-01 7.052102e-02 3.696652e-02 2 5 1.863622e+00 86 3.693293e-01 4.088493e-01
3.156633e-01 1.307945e-01 9.589537e-02 3.188917e-02 5 1 2.666481e+00 185 4.103610e-01 8.945651e-01
1.788713e-01 3.395875e-01 9.590250e-02 5.555607e-03 5 1 1.957537e+00 22 2.675310e-01 5.622914e-01
7.863391e-01 6.850970e-01 9.094144e-03 2.657001e-02 5 3 2.786289e+00 130 2.731310e-01 8.257207e-01
8.506647e-01 2.704831e-01 5.177386e-03 3.662145e-02 2 4 2.682707e+00 120 8.967898e-02 8.390321e-01
5.857875e-01 3.029095e-01 9.613005e-02 1.681855e-02 3 5 2.035156e+00 54 1.878905e-01 6.322750e-01
6.137649e-01 2.659407e-01 5.810162e-02 3.359680e-03 4 2 1.172432e+00 150 1.682337e-01 3.316533e-01
4.822973e-01 2.650334e-01 5.726415e-02 9.119526e-03 3 3 2.867806e+00 144 1.892544e-01 1.338143e-01
7.128217e-01 6.837867e-01 1.731431e-02 2.758555e-02 1 5 2.265118e+00 83 1.330292e-01 5.193297e-01
3.492121e-01 7.159621e-01 9.291227e-02 3.155965e-02 2 5 2.128449e+00 35 2.893955e-01 2.188214e-01
2.343964e-01 7.501974e-01 3.713790e-02 9.691577e-03 2 5 1.666376e+00 178 2.826085e-01 5.362902e-01
4.796073e-01 4.618231e-01 3.901124e-02 3.617705e-03 4 4 1.027893e+00 186 4.767651e-01 7.215499e-01
2.161890e-01 2.541859e-01 7.736291e-02 2.191343e-02 1 1 1.847391e+00 126 3.919048e-02 8.194629e-01
1.063209e-01 5.596793e-01 9.635557e-03 2.487324e-02 4 4 2.775916e+00 87 3.210709e-01 4.033692e-01
2.341404e-01 8.708687e-01 3.482009e-02 3.449746e-02 5 2 2.391766e+00 138 1.049452e-01 5.984993e-01
4.016545e-01 5.233350e-01 2.518723e-02 1.719023e-02 2 3 1.977737e+00 166 1.123531e-01 8.031124e-01
8.745599e-01 7.695521e-01 4.215296e-02 3.277590e-02 1 4 1.540821e+00 50 4.787486e-01 2.333805e-01
6.268348e-01 1.665202e-01 5.366367e-02 3.051906e-02 2 5 2.460549e+00 66 1.252269e-01 6.389850e-01
1.725342e-01 3.422432e-01 1.623417e-02 2.165478e-02 5 3 2.885473e+00 70 2.909310e-01 5.748926e-01
3.617342e-01 3.870210e-01 2.201608e-03 3.281322e-02 3 3 2.164504e+00 129 4.434002e-01 6.372796e-01
6.588946e-01 1.858807e-01 8.306934e-02 1.708370e-02 2 2 2.156760e+00 123 3.948485e-01 4.967969e-01
1.593308e-01 8.749140e-01 4.811518e-02 3.249628e-02 3 1 1.632089e+00 83 1.507696e-01 7.504355e-01
5.905746e-01 1.752349e-01 8.513168e-02 4.259669e-02 2 4 1.923814e+00 103 1.130521e-01 7.883740e-01
7.682167e-01 5.741824e-01 7.501859e-02 6.317666e-03 2 5 2.595530e+00 93 4.098592e-01 2.725369e-01
1.641874e-01 7.804090e-01 7.802586e-02 8.880920e-03 5 4 2.235312e+00 178 7.840257e-02 6.511769e-01
3.189656e-01 5.337683e-01 3.706007e-02 1.437139e-02 2 2 2.079533e+00 185 4.087313e-01 1.231008e-01
8.060177e-01 5.429636e-01 6.442015e-02 9.791525e-03 2 5 2.526736e+00 185 3.948485e-01 2.085679e-01
1.937219e-01 5.433473e-01 2.547306e-03 4.153525e-02 3 3 2.934694e+00 189 3.566621e-01 2.700071e-01
7.182526e-01 1.381163e-01 3.868440e-02 2.805871e-02 1 2 2.131768e+00 13 2.587569e-01 2.680018e-01
8.878777e-01 1.490764e-01 8.465049e-02 1.802718e-02 4 4 1.555688e+00 127 2.748960e-01 7.126136e-01
5.009088e-01 4.103120e-01 3.762378e-02 7.628319e-03 4 4 1.450083e+00 139 4.787486e-01 2.160730e-01
7.753510e-01 1.230030e-01 7.161277e-02 4.859555e-02 4 4 2.074762e+00 160 1.143199e-01 1.606081e-01
2.043313e-01 5.740620e-01 8.306934e-02 3.887927e-02 1 2 1.039750e+00 64 3.571218e-02 4.953377e-01
6.456183e-01 5.756928e-01 7.426510e-02 4.125771e-02 2 2 1.798444e+00 181 1.076932e-01 7.594839e-01
3.628029e-01 4.779835e-01 4.758581e-02 8.128885e-03 2 2 2.037344e+00 147 8.036379e-02 7.970811e-01
4.397973e-01 3.847460e-01 1.069734e-02 4.649374e-02 5 5 2.862272e+00 50 2.936115e-02 5.301429e-01
3.815653e-01 1.272706e-01 1.212099e-02 1.053477e-02 4 3 1.428703e+00 104 2.826085e-01 6.751537e-01
7.214968e-01 5.037827e-01 7.727567e-02 6.249337e-03 5 4 1.579152e+00 44 3.201301e-01 6.617621e-01
1.259712e-01 2.095125e-01 6.709247e-02 1.862815e-02 1 1 2.200691e+00 66 3.636295e-01 8.087203e-01
2.909888e-01 8.810668e-01 9.644706e-02 6.232197e-03 2 5 2.584602e+00 127 4.997228e-01 2.599929e-01
4.551123e-01 1.811904e-01 8.700597e-02 3.056294e-02 3 4 1.147033e+00 173 1.861593e-01 1.971211e-01
5.578585e-01 6.603887e-01 2.150299e-02 1.217104e-02 1 3 2.151649e+00 79 5.432308e-02 2.980722e-01
3.880528e-01 7.808050e-01 7.471444e-02 1.886879e-03 5 5 1.757638e+00 75 1.150428e-01 8.314409e-01
5.001515e-01 7.835933e-01 1.638360e-02 7.607832e-03 4 4 2.055612e+00 133 2.107881e-01 5.113284e-01
8.638696e-01 5.776292e-01 1.520881e-02 3.257196e-02 1 4 1.516267e+00 52 2.800867e-01 3.283216e-01
3.641380e-01 7.405524e-01 2.663578e-03 1.461600e-02 1 5 1.229133e+00 184 6.765333e-02 3.583600e-01
7.031717e-01 7.246667e-01 7.483676e-02 3.744933e-02 4 4 1.212610e+00 116 3.842880e-01 4.590605e-01
1.424080e-01 8.008566e-01 6.512661e-02 3.362860e-02 5 4 2.880357e+00 174 8.775798e-02 1.884560e-01
5.234479e-01 6.137523e-01 2.359558e-02 4.248156e-02 2 3 2.438375e+00 48 1.608188e-01 3.956190e-01
8.496318e-01 3.109822e-01 2.261663e-02 8.185627e-03 1 5 2.386723e+00 122 4.032897e-01 5.548896e-01
6.867410e-01 4.325849e-01 7.594482e-02 3.862792e-02 1 4 2.614477e+00 153 2.902297e-01 4.526199e-01
4.101285e-01 8.788841e-01 9.409503e-02 2.719084e-02 5 4 1.257338e+00 25 6.114073e-02 1.360409e-01
8.175794e-01 5.571685e-01 1.578149e-02 2.539128e-02 2 4 1.799259e+00 90 4.799551e-01 3.026138e-01
4.086314e-01 6.427394e-01 1.468831e-03 4.247640e-03 3 4 1.650679e+00 166 3.332765e-01 3.654151e-01
4.403034e-01 1.576056e-01 1.685539e-02 1.500730e-02 5 1 2.456863e+00 164 2.640813e-01 6.572685e-01
8.611079e-01 4.351956e-01 7.404906e-02 1.426855e-02 4 1 2.817464e+00 106 3.038902e-01 6.275727e-01
8.216086e-01 2.241857e-01 6.740048e-02 1.753779e-02 2 2 1.672823e+00 179 4.597842e-01 2.915714e-01
7.228310e-01 3.060879e-01 6.096753e-02 1.122957e-02 1 1 2.280629e+00 113 2.777448e-01 5.500678e-01
6.072530e-01 2.813899e-01 2.282074e-02 7.525281e-03 5 1 2.160015e+00 54 4.521255e-01 2.611085e-01
6.767597e-01 4.129152e-01 3.374296e-02 1.089804e-03 1 2 1.748103e+00 146 3.907872e-02 7.609410e-01
6.089362e-01 6.456016e-01 3.143166e-02 7.471931e-03 2 4 1.070434e+00 174 1.563595e-01 2.897483e-01
3.533672e-01 6.024634e-01 1.434108e-02 1.305198e-02 5 2 2.328611e+00 59 7.193746e-02 3.617877e-01
8.166740e-01 2.352352e-01 2.491214e-02 1.399877e-02 2 5 2.287923e+00 173 9.283819e-03 5.311196e-01
6.975767e-01 8.360291e-01 3.787384e-02 2.839237e-02 5 2 1.268697e+00 170 1.137351e-01 8.761989e-01
5.876525e-01 7.524215e-01 5.403610e-03 2.531221e-02 5 3 2.616623e+00 11 4.857527e-01 5.477932e-01
7.310552e-01 3.035667e-01 5.917897e-02 2.000942e-02 5 5 1.181405e+00 93 3.266477e-01 5.378449e-01
8.984714e-01 7.453205e-01 1.055617e-02 6.269566e-03 4 2 2.262673e+00 96 1.364431e-02 3.391367e-01
1.764102e-01 3.510923e-01 6.817487e-02 1.293613e-02 3 5 2.873018e+00 57 2.788212e-01 4.967969e-01
5.913386e-01 7.296364e-01 4.191115e-02 4.613315e-02 4 1 1.893514e+00 46 2.962083e-01 2.366401e-01
4.835443e-01 1.607524e-01 8.351675e-02 1.256685e-02 4 4 1.603536e+00 62 1.760120e-01 2.283873e-01
5.233334e-01 1.683109e-01 2.554563e-02 2.061331e-02 4 5 1.175095e+00 103 4.469045e-01 7.309744e-01
5.354727e-01 4.275100e-01 6.831312e-02 1.803573e-02 1 2 2.575100e+00 126 1.363967e-01 2.472156e-01
7.792493e-01 7.063821e-01 7.632751e-02 9.214867e-03 5 5 1.122814e+00 53 4.981495e-01 8.031124e-01
2.223904e-01 6.568031e-01 3.314887e-02 3.328087e-02 2 1 1.888045e+00 159 1.931842e-01 2.645558e-01
4.274677e-01 3.173287e-01 3.628145e-02 2.531221e-02 3 2 1.375603e+00 135 3.174215e-01 7.570099e-01
4.796073e-01 4.275345e-01 4.105067e-02 2.482030e-02 1 5 1.209793e+00 86 4.787486e-01 3.931941e-01
2.622790e-01 2.527829e-01 6.818503e-02 4.226093e-02 2 3 2.125475e+00 45 1.733831e-01 3.944808e-01
7.028161e-01 5.233350e-01 4.092372e-02 4.036003e-02 3 5 1.721732e+00 57 3.259493e-01 7.828557e-01
4.786001e-01 3.312557e-01 1.700683e-02 7.420247e-03 3 1 2.550991e+00 109 1.888540e-01 8.626197e-01
5.798923e-01 5.375793e-01 1.578149e-02 7.869759e-03 3 2 2.087243e+00 92 4.767651e-01 5.286684e-01
8.329693e-01 5.507176e-01 9.210851e-02 2.494964e-02 1 1 1.357268e+00 26 4.602903e-01 2.272387e-01
8.755901e-01 2.606540e-01 1.705404e-02 4.499570e-02 4 5 1.021428e+00 54 4.119548e-01 1.206194e-01
1.301023e-01 4.954016e-01 6.381575e-02 2.974758e-02 1 2 2.831274e+00 18 4.521255e-01 8.859420e-01
7.652694e-01 2.923068e-01 1.052920e-02 2.274257e-02 1 3 1.810747e+00 165 3.174181e-01 5.747306e-01
1.034457e-01 8.938895e-01 6.512661e-02 1.216409e-02 1 2 2.286454e+00 13 4.817374e-01 3.691996e-01
6.711179e-01 6.254457e-01 8.300001e-02 4.247640e-03 5 3 2.804075e+00 93 3.132264e-01 1.618500e-01
1.751222e-01 4.164348e-01 4.407376e-02 3.155965e-02 5 4 1.565641e+00 162 3.110074e-01 1.423326e-01
7.077890e-01 8.820224e-01 3.728946e-03 3.717646e-02 5 4 1.306532e+00 195 1.348352e-01 1.115687e-01
4.306990e-01 5.560714e-01 9.954275e-02 4.892816e-02 3 3 2.057783e+00 116 1.888540e-01 5.754464e-01
8.738741e-01 6.959425e-01 5.493674e-02 3.317270e-02 4 3 2.137104e+00 77 1.175462e-01 4.683988e-01
2.097008e-01 8.427371e-01 6.650743e-02 3.823678e-02 4 3 1.366525e+00 162 3.348474e-01 1.259031e-01
7.996181e-01 2.335057e-01 4.397924e-02 4.399887e-02 3 3 1.706180e+00 170 3.223977e-01 7.207177e-01
7.778234e-01 4.488693e-01 2.674173e-02 2.499854e-02 3 3 1.977229e+00 116 5.572901e-02 8.277163e-01
5.699868e-01 4.630721e-01 1.649828e-02 1.113726e-02 3 3 2.915617e+00 191 3.051492e-01 4.097737e-01
7.553040e-01 8.503740e-01 7.240203e-02 4.667637e-02 1 2 1.206558e+00 195 1.966601e-01 8.332139e-01
4.267822e-01 8.474274e-01 9.508550e-02 2.839237e-02 3 3 2.783325e+00 120 1.342384e-01 7.514022e-01
8.083028e-01 7.976763e-01 4.857544e-02 4.557972e-02 5 2 2.449821e+00 85 1.113327e-02 5.524769e-01
6.963434e-01 3.734670e-01 1.159512e-02 3.216417e-02 3 5 1.870769e+00 149 2.890358e-01 5.017001e-01
2.607647e-01 4.002405e-01 7.413374e-02 2.265872e-02 2 4 1.801151e+00 179 4.942508e-01 8.755705e-01
7.590506e-01 4.784822e-01 9.409503e-02 4.339407e-02 3 5 2.610576e+00 128 2.893955e-01 2.341038e-01
3.322835e-01 2.419279e-01 3.523356e-02 1.901780e-02 2 2 1.720244e+00 98 3.332765e-01 1.686149e-01
6.930362e-01 1.285201e-01 9.205617e-02 3.342823e-02 2 2 1.111356e+00 106 7.987202e-02 8.342268e-01
7.869331e-01 8.256318e-01 6.249976e-02 4.677607e-03 3 2 1.564448e+00 127 1.546720e-01 7.073796e-01
8.999382e-01 3.418846e-01 3.868440e-02 7.309624e-03 2 4 2.202659e+00 138 4.799551e-01 2.566677e-01
1.578795e-01 3.973704e-01 2.555521e-02 3.253667e-02 2 2 1.700444e+00 45 2.427848e-01 1.088870e-01
4.455773e-01 4.610801e-01 4.335304e-03 3.216417e-02 2 3 2.696786e+00 111 4.701873e-01 8.518859e-01
4.673388e-01 8.710488e-01 4.636977e-02 3.095801e-02 4 3 2.086713e+00 46 3.124353e-01 8.314347e-01
1.576522e-01 1.024855e-01 8.546197e-02 3.410225e-02 4 5 1.630361e+00 36 3.297156e-01 5.603048e-01
6.798094e-01 2.847986e-01 1.343031e-02 1.013787e-02 4 5 2.966797e+00 80 2.041451e-01 4.173043e-01
1.418664e-01 2.611064e-01 9.190570e-02 1.308269e-02 3 2 2.752643e+00 112 4.072752e-01 4.647623e-01
1.097514e-01 2.115816e-01 2.287670e-02 2.319681e-02 4 4 1.633408e+00 122 4.022103e-01 4.558898e-01
6.629216e-01 7.805077e-01 3.930362e-03 2.001533e-02 4 3 1.566826e+00 120 2.119854e-01 2.188214e-01
4.115677e-01 4.104824e-01 1.291954e-02 1.745113e-02 1 4 1.694534e+00 135 1.947793e-01 6.196501e-01
5.556225e-01 2.128577e-01 6.381575e-02 2.370132e-02 1 2 2.778750e+00 117 1.977035e-02 6.111504e-01
7.067052e-01 8.402707e-01 9.587199e-02 1.115098e-02 4 3 2.151838e+00 182 2.188251e-01 1.488552e-01
5.567384e-01 3.256180e-01 7.125615e-03 4.896933e-02 2 5 2.057783e+00 187 3.451622e-01 7.951562e-01
4.078554e-01 1.276306e-01 2.667812e-02 1.196853e-02 2 4 1.823743e+00 141 4.407849e-01 7.231858e-01
5.197039e-01 8.455430e-01 1.025650e-02 3.185081e-03 3 2 1.494375e+00 17 4.588890e-01 8.998124e-01
4.911377e-01 2.067484e-01 1.654503e-02 2.625241e-02 3 4 2.418175e+00 169 7.718755e-03 5.010079e-01
5.611733e-01 6.926594e-01 6.447188e-02 4.337285e-02 1 3 2.461022e+00 114 3.287061e-02 8.651777e-01
8.765401e-01 8.347087e-01 9.401440e-03 4.751312e-02 1 1 1.419618e+00 37 2.824623e-01 7.883740e-01
7.577720e-01 6.024297e-01 7.487940e-02 7.660707e-03 3 4 2.374104e+00 25 2.981355e-01 2.040082e-01
6.733012e-01 3.735722e-01 8.927765e-02 1.696256e-02 2 5 2.038087e+00 34 1.319481e-01 5.733778e-01
3.526398e-01 5.993393e-01 1.395414e-02 4.051790e-02 5 5 2.673387e+00 103 4.105749e-01 4.585896e-01
8.884969e-01 5.349074e-01 3.298471e-02 1.945416e-02 2 4 1.310028e+00 171 2.890358e-01 1.088503e-01
2.370087e-01 4.861571e-01 1.226392e-02 3.641642e-02 4 3 2.050546e+00 122 1.335124e-01 3.841978e-01
6.101936e-01 6.951014e-01 6.747244e-02 3.331781e-02 5 3 1.858687e+00 83 2.582454e-01 1.342297e-01
8.898209e-01 5.955531e-01 4.857544e-02 1.038330e-03 4 1 1.407052e+00 120 4.018077e-02 6.514125e-01
4.383684e-01 3.425976e-01 2.887317e-02 3.216417e-02 3 4 1.299673e+00 121 3.165053e-01 6.094179e-01
5.734092e-01 3.772222e-01 4.397659e-02 1.217104e-02 2 4 2.126227e+00 23 1.482496e-01 6.987396e-01
2.009838e-01 1.061253e-01 2.203858e-02 1.583483e-02 3 4 1.428301e+00 178 2.650425e-01 7.141070e-01
6.622261e-01 1.604019e-01 4.913707e-03 1.092897e-02 3 5 1.775275e+00 20 7.399313e-02 8.047129e-01
4.420063e-01 7.288638e-01 5.636218e-02 3.588474e-02 5 3 2.558976e+00 88 2.752600e-02 3.349701e-01
4.350697e-01 1.931061e-01 1.234782e-02 1.696256e-02 3 1 2.810726e+00 171 4.045044e-01 1.048766e-01
2.785250e-01 3.828031e-01 4.089782e-02 1.554350e-02 1 2 1.396235e+00 193 1.536693e-01 1.456522e-01
8.121379e-01 7.958337e-01 2.555521e-02 3.524796e-02 3 3 1.403611e+00 193 1.479574e-02 3.070069e-01
6.958670e-01 1.683109e-01 3.510397e-02 4.774132e-02 2 5 1.703780e+00 56 7.523107e-02 7.740383e-01
5.834762e-01 8.895194e-01 3.891062e-02 2.000942e-02 4 5 2.918267e+00 33 9.659170e-02 5.815578e-01
4.756981e-01 4.709050e-01 2.203808e-02 1.832666e-02 1 4 1.481415e+00 117 4.095955e-01 1.250453e-01
6.451901e-01 8.499691e-01 3.013223e-02 1.126852e-02 4 3 1.049031e+00 83 4.032897e-01 1.154538e-01
3.900780e-01 8.763309e-01 3.788710e-02 1.724463e-02 5 2 1.426136e+00 115 1.450012e-02 7.410693e-01
4.012901e-01 4.202945e-01 4.124715e-02 3.955695e-02 4 2 1.353115e+00 98 6.420766e-02 3.521412e-01
6.191392e-01 4.993250e-01 7.483676e-02 4.266829e-02 2 3 2.574830e+00 91 4.015747e-01 2.982308e-01
5.184835e-01 4.347193e-01 6.711582e-02 4.194309e-02 1 3 1.791691e+00 153 1.195986e-01 3.956190e-01
1.271590e-01 4.527885e-01 5.845160e-02 1.305074e-02 2 3 1.397246e+00 13 2.141567e-01 3.499807e-01
2.137377e-01 8.426832e-01 1.623417e-02 3.807048e-02 2 2 2.731167e+00 40 3.554490e-01 4.059899e-01
5.349155e-01 6.503732e-01 2.449757e-02 2.558668e-02 2 1 2.776889e+00 37 4.141838e-01 8.625587e-01
2.278046e-01 3.750114e-01 9.473601e-03 1.299050e-02 4 1 2.759550e+00 181 1.574520e-01 5.853316e-01
7.362771e-01 8.783692e-01 7.685469e-02 2.415064e-02 1 1 2.324098e+00 61 2.109557e-01 3.553017e-01
3.691702e-01 3.946434e-01 9.533232e-02 3.538047e-02 2 3 1.932349e+00 146 3.232605e-01 7.024070e-01
6.001853e-01 5.337683e-01 9.818477e-02 6.648699e-03 5 5 1.848255e+00 199 1.588271e-01 2.645558e-01
1.726602e-01 2.659407e-01 1.152771e-02 1.137718e-02 3 4 1.358421e+00 113 4.502778e-02 3.226515e-01
5.761786e-01 5.224228e-01 6.650743e-02 1.076309e-02 3 1 1.050464e+00 39 3.392061e-01 2.176544e-01
8.090752e-01 4.004006e-01 4.221620e-02 8.034402e-03 1 5 1.173630e+00 112 4.155049e-01 8.241787e-01
4.217780e-01 2.484337e-01 1.008163e-02 2.410105e-02 2 3 1.215408e+00 124 2.480477e-02 6.300061e-01
5.538325e-01 1.065094e-01 1.649828e-02 4.889567e-02 1 2 1.159197e+00 11 1.425473e-01 2.802763e-01
7.182526e-01 7.395969e-01 2.920042e-02 8.661446e-03 4 3 1.923814e+00 40 1.086846e-01 6.130560e-01
7.177669e-01 3.973704e-01 9.247917e-02 3.573769e-02 3 3 1.889864e+00 22 4.223247e-01 8.833574e-01
7.143127e-01 8.475363e-01 4.758581e-02 2.133786e-02 4 3 2.178383e+00 72 1.511089e-01 3.576493e-01
5.711610e-01 6.911330e-01 6.086217e-02 2.885346e-02 5 5 2.072771e+00 111 4.344169e-02 4.276127e-01
3.373307e-01 7.575504e-01 9.078169e-02 2.649984e-02 2 5 1.333813e+00 35 8.344146e-02 8.681090e-01
1.862198e-01 2.673795e-01 2.515902e-02 2.888629e-02 4 5 2.948336e+00 50 3.297156e-01 1.841177e-01
7.442405e-01 2.018545e-01 9.877609e-02 4.973485e-02 5 2 1.940218e+00 47 3.279054e-01 1.423326e-01
8.478451e-01 5.654910e-01 4.182621e-02 4.440291e-03 2 1 2.211943e+00 45 4.259991e-01 1.988430e-01
1.283179e-01 5.359147e-01 8.700597e-02 4.392627e-02 1 4 1.431560e+00 160 2.620069e-01 4.590605e-01
8.102556e-01 7.505125e-01 7.426711e-02 3.893397e-02 5 5 2.155829e+00 33 1.130521e-01 1.902536e-01
7.324939e-01 3.095870e-01 4.124715e-02 1.293613e-02 3 4 1.576399e+00 181 1.004927e-01 6.592423e-01
3.637707e-01 6.501642e-01 5.523505e-02 1.745113e-02 5 3 1.691276e+00 74 2.260663e-01 5.368281e-01
1.578795e-01 6.611554e-01 6.319960e-02 4.547922e-02 1 3 1.610996e+00 50 9.910478e-03 8.787683e-01
7.925302e-01 8.540721e-01 2.011320e-02 7.806585e-03 5 2 2.539821e+00 150 4.773011e-02 3.627014e-01
2.179826e-01 2.394095e-01 7.280999e-02 1.895275e-03 5 2 1.160408e+00 139 1.739654e-01 2.283440e-01
1.224602e-01 5.702444e-01 8.622125e-02 1.294717e-02 1 1 2.855340e+00 71 9.654766e-02 4.378359e-01
1.678767e-01 8.297632e-01 4.563667e-02 2.776524e-02 4 5 1.129422e+00 169 2.135876e-02 3.173170e-01
5.921504e-01 3.809030e-01 4.015339e-02 2.716850e-03 3 4 1.763211e+00 102 3.165053e-01 8.660898e-01
6.774627e-01 6.724687e-01 7.558972e-02 4.527225e-02 1 3 1.737026e+00 97 3.819713e-02 6.751537e-01
8.238777e-01 8.827686e-01 2.332258e-04 3.809065e-02 5 5 1.336059e+00 37 4.572250e-01 3.583600e-01
4.705735e-01 2.265251e-01 8.724764e-02 2.947720e-02 4 3 1.511357e+00 115 8.036379e-02 4.354571e-01
4.381171e-01 3.090332e-01 5.250899e-02 1.696256e-02 5 5 1.397246e+00 155 4.800440e-01 1.156456e-01
4.724043e-01 3.914418e-01 1.265334e-02 8.794133e-03 4 2 1.791691e+00 139 4.316724e-01 1.714946e-01
8.128678e-01 6.696589e-01 9.599015e-02 2.466197e-03 1 4 2.773051e+00 60 1.675051e-01 2.101644e-01
1.487073e-01 8.363361e-01 6.022476e-02 2.487324e-02 4 2 1.353115e+00 149 3.358693e-01 7.263637e-01
5.606550e-01 7.102269e-01 7.931336e-02 4.396447e-02 1 3 1.426136e+00 98 4.378786e-01 1.106818e-01
8.560337e-01 4.066816e-01 2.969189e-02 4.942043e-02 5 3 1.049031e+00 12 2.442255e-01 3.745873e-01
1.475173e-01 2.189180e-01 6.944196e-02 3.474282e-02 4 3 1.481415e+00 100 1.495384e-01 2.001303e-01
3.913729e-01 5.942055e-01 3.780987e-02 2.650693e-02 2 1 1.077957e+00 103 4.155049e-01 2.918387e-01
2.038275e-01 3.273964e-01 1.434108e-02 5.998052e-03 4 5 2.709450e+00 75 3.124353e-01 1.961156e-01
6.072530e-01 5.711661e-01 7.051959e-02 4.754269e-02 3 3 2.164504e+00 12 3.480260e-01 7.656765e-01
3.425538e-01 8.200341e-01 7.159090e-02 3.438973e-02 3 2 2.415819e+00 197 2.483721e-01 5.717931e-01
2.444182e-01 4.861571e-01 2.600506e-02 4.399887e-02 4 1 1.513623e+00 56 3.107268e-01 2.188214e-01
8.253567e-01 4.961478e-01 3.349645e-02 3.744933e-02 3 3 2.810056e+00 12 1.546720e-01 6.498402e-01
7.902882e-01 7.524215e-01 3.978876e-02 1.324127e-02 3 3 1.110864e+00 60 4.444074e-01 4.563809e-01
8.404708e-01 1.345407e-01 8.398972e-02 3.474282e-02 1 5 1.028299e+00 63 3.478679e-01 5.164036e-01
7.471973e-01 3.513071e-01 6.694374e-02 2.494394e-02 5 1 1.602183e+00 75 8.974634e-02 8.506927e-01
2.834616e-01 6.979904e-01 9.877609e-02 3.054895e-02 5 1 2.920439e+00 180 4.726591e-01 8.168045e-01
5.931273e-01 6.059618e-01 6.434805e-02 5.090498e-03 4 5 1.928510e+00 30 1.384709e-01 6.045899e-01
8.063595e-01 4.535850e-01 6.109434e-02 2.254198e-02 1 2 2.250727e+00 116 2.204318e-01 1.167069e-01
4.615239e-01 3.532670e-01 3.948735e-02 3.882270e-02 1 2 1.318168e+00 33 3.905108e-01 7.053209e-01
4.350697e-01 6.512495e-01 3.335220e-02 2.277817e-02 3 2 2.715857e+00 33 1.363967e-01 6.707499e-01
8.842241e-01 1.858807e-01 7.502983e-02 3.342823e-02 5 4 2.086713e+00 11 4.622907e-01 6.769863e-01
8.705268e-01 5.621618e-01 2.681850e-02 4.248770e-02 4 4 1.454760e+00 67 4.075514e-01 7.447948e-01
8.006058e-01 4.926818e-01 2.203808e-02 4.078375e-03 1 3 2.762282e+00 150 5.763018e-02 3.618243e-01
4.117596e-01 4.104824e-01 7.286349e-02 2.330407e-02 2 5 1.858687e+00 66 4.941325e-01 3.219364e-01
8.269301e-01 2.678518e-01 8.165655e-02 6.345069e-03 2 2 2.324903e+00 167 5.612486e-02 5.799756e-01
8.675193e-01 2.813899e-01 4.124715e-02 1.225303e-03 2 2 1.143114e+00 151 5.164918e-03 7.072454e-01
3.071192e-01 2.131662e-01 2.919575e-02 3.630851e-02 5 1 1.031023e+00 102 2.853075e-01 2.333151e-01
2.613718e-01 2.241857e-01 9.564476e-02 4.481956e-02 5 3 1.670388e+00 127 2.476732e-01 7.335763e-01
8.027075e-01 8.297478e-01 3.543713e-02 4.750793e-02 2 3 1.691276e+00 114 1.915802e-01 1.121584e-01
5.798923e-01 8.354981e-01 8.724764e-02 2.022857e-02 4 2 1.451049e+00 121 1.198976e-01 4.002926e-01
7.329573e-01 3.273964e-01 3.250709e-02 1.141802e-02 4 4 2.449821e+00 194 3.741513e-02 3.946278e-01
5.757762e-01 6.241118e-01 8.765744e-02 3.342823e-02 3 4 1.947831e+00 57 3.571417e-01 6.850056e-01
2.670703e-01 5.455934e-01 4.639117e-02 2.330407e-02 1 2 2.850750e+00 189 1.298072e-01 5.774917e-01
8.829363e-01 8.951616e-01 3.830522e-02 2.814647e-02 1 1 2.416012e+00 116 3.348474e-01 8.972328e-01
3.567908e-01 6.151489e-01 8.337130e-02 2.411210e-02 5 2 2.597757e+00 44 3.458133e-02 5.049256e-01
2.483204e-01 4.237218e-01 6.213964e-02 2.169078e-03 5 1 2.189044e+00 136 2.518232e-01 8.563871e-01
6.899866e-01 4.147638e-01 6.848237e-02 3.801521e-02 1 5 2.919346e+00 14 4.683603e-01 6.038353e-01
6.865783e-01 1.273702e-01 8.806944e-02 3.532565e-02 5 1 1.614576e+00 147 3.628176e-01 3.384291e-01
8.670542e-01 2.095125e-01 2.919575e-02 5.437000e-03 5 5 1.160408e+00 23 5.089694e-02 3.366535e-01
3.605767e-01 7.482992e-01 5.605443e-02 8.045416e-03 5 1 1.700444e+00 119 4.690085e-01 7.451744e-01
1.209419e-01 1.490764e-01 6.139978e-02 2.474330e-02 4 3 2.202659e+00 50 2.761055e-01 1.319595e-01
2.392943e-01 2.704831e-01 1.762846e-03 4.863721e-02 4 5 1.564448e+00 37 1.150428e-01 8.288491e-01
5.695072e-01 2.777150e-01 9.300473e-02 3.297045e-03 1 1 1.062234e+00 83 6.858930e-02 1.588855e-01
1.832163e-01 2.481669e-01 4.105067e-02 1.589652e-02 4 4 1.720244e+00 67 1.993278e-01 5.085273e-01
2.938028e-01 5.029337e-01 8.590419e-02 4.060878e-02 2 5 1.877256e+00 73 2.959321e-01 7.262050e-01
3.147834e-01 8.511975e-01 1.025650e-02 1.137718e-02 2 4 1.801151e+00 65 2.559841e-01 7.074068e-01
3.849594e-01 5.486825e-01 8.038761e-02 4.129549e-02 3 1 1.870769e+00 31 1.501922e-01 3.186298e-01
3.265751e-01 2.962502e-01 5.446612e-02 2.479785e-02 3 5 2.714231e+00 173 6.940097e-04 1.432494e-01
6.637345e-01 7.481280e-01 9.661671e-02 8.045416e-03 2 1 2.783325e+00 101 2.245363e-01 6.188093e-01
3.353875e-01 3.029330e-01 2.287670e-02 1.708370e-02 2 2 1.229133e+00 37 4.212534e-01 1.737818e-01
7.205191e-01 8.626900e-01 9.094144e-03 4.495492e-02 3 5 1.409399e+00 93 2.176630e-01 5.300214e-01
8.969437e-01 6.614729e-01 1.052920e-02 3.446774e-02 3 3 1.322665e+00 124 1.662093e-01 2.481796e-01
6.407823e-01 3.422432e-01 8.853081e-02 3.851055e-02 3 3 1.311945e+00 11 2.476732e-01 7.672210e-01
7.202649e-01 7.892348e-01 7.052102e-02 4.135344e-02 3 5 1.122814e+00 76 1.362253e-01 1.109672e-01
6.706172e-01 1.065094e-01 3.426630e-03 3.973849e-02 3 1 1.397108e+00 134 3.154582e-01 4.236526e-01
6.067641e-01 7.476302e-01 4.836033e-02 4.661170e-03 3 3 2.541770e+00 124 2.084758e-01 2.513942e-01
8.790055e-01 1.931061e-01 7.208570e-03 3.138960e-02 2 4 2.792879e+00 80 3.179996e-01 2.381719e-01
4.540645e-01 5.283737e-01 4.092372e-02 2.276230e-02 4 3 2.382822e+00 171 7.690358e-03 1.303308e-01
4.662083e-01 6.533005e-01 5.036159e-02 4.750793e-02 1 5 1.889426e+00 131 4.032897e-01 6.072867e-01
4.411888e-01 1.017344e-01 7.658079e-02 1.126852e-02 2 1 2.434076e+00 151 1.318527e-01 7.057683e-01
2.824716e-01 6.414360e-01 7.391560e-02 2.799955e-02 2 1 2.115807e+00 51 6.751002e-02 3.508060e-01
5.430440e-01 7.448918e-01 4.140018e-03 1.312523e-02 3 3 1.357268e+00 181 3.882305e-01 4.234544e-01
2.510657e-01 8.061213e-01 9.920987e-02 4.527225e-02 1 5 2.597757e+00 199 2.722508e-01 3.897005e-01
1.392062e-01 3.425976e-01 8.113320e-03 3.121126e-02 3 1 1.172499e+00 15 4.772192e-01 6.695191e-01
4.076961e-01 7.505125e-01 9.966000e-02 6.366415e-03 3 5 2.118553e+00 67 2.472728e-02 1.211104e-01
1.443570e-01 4.640618e-01 8.689512e-02 3.218370e-02 4 4 2.246825e+00 89 1.335124e-01 1.231939e-01
6.849334e-01 6.171757e-01 3.294923e-03 4.273806e-02 1 5 2.860140e+00 162 4.528144e-01 5.815578e-01
7.670751e-01 3.600269e-01 1.987952e-03 2.361242e-02 1 2 1.795395e+00 44 4.790772e-01 6.556364e-01
6.252472e-01 4.823055e-01 6.278608e-02 4.557972e-02 1 1 2.340388e+00 66 1.325984e-01 6.384894e-01
6.327142e-01 7.049619e-01 8.485922e-02 3.466639e-02 2 2 2.844552e+00 13 1.686268e-01 6.410621e-01
6.762639e-01 6.620271e-01 2.332258e-04 9.500309e-03 4 5 2.616375e+00 67 1.691419e-01 6.735844e-01
3.364438e-01 1.754070e-01 2.304620e-02 4.014025e-02 1 2 2.303524e+00 43 3.361644e-01 2.542865e-01
3.019955e-01 8.364246e-01 5.319496e-02 3.087993e-02 2 1 1.068641e+00 73 1.085947e-01 1.155880e-01
2.816111e-01 3.946173e-01 9.694712e-02 1.520943e-02 5 3 1.863622e+00 50 3.812688e-01 5.837632e-01
2.999159e-01 7.835933e-01 3.869147e-02 4.733760e-02 2 5 2.740816e+00 101 1.522133e-01 6.222513e-01
8.625686e-01 1.065810e-01 9.247917e-02 3.068331e-02 1 3 1.990700e+00 194 1.274120e-01 1.158499e-01
4.497778e-01 8.166510e-01 1.025650e-02 2.718029e-02 4 1 2.161619e+00 79 6.977785e-02 4.259032e-01
6.489285e-01 6.887099e-01 1.027154e-05 1.327920e-02 3 5 2.585607e+00 122 4.787486e-01 6.255014e-01
6.683404e-01 4.891130e-01 3.580549e-02 2.158110e-02 4 1 2.743054e+00 191 4.817374e-01 5.351337e-01
8.662547e-01 8.892259e-01 1.606993e-02 3.887927e-02 4 3 1.558152e+00 97 8.493812e-02 1.989255e-01
3.830635e-01 7.242265e-01 5.306846e-02 1.295857e-02 3 3 2.191580e+00 46 3.141247e-01 4.163535e-01
4.873516e-01 7.686796e-01 6.117657e-02 3.488111e-02 4 2 2.289811e+00 122 3.919048e-02 4.137897e-01
2.413779e-01 2.611064e-01 5.184218e-02 3.249628e-02 3 1 2.077803e+00 148 3.192776e-01 5.940704e-01
2.770497e-01 4.826130e-01 7.159090e-02 4.479294e-02 1 4 2.046496e+00 174 4.774552e-01 8.307692e-01
8.324570e-01 7.296026e-01 9.639052e-02 4.942399e-02 3 1 2.466317e+00 154 2.373245e-01 5.692926e-01
