2.015923e-01
1.920288e-01
2.887455e-01
1.345746e-01
2.411858e-01
3.903016e-02
2.531392e-01
1.433593e-01
1.800028e-01
000000
4.227354e-01
6.938005e-02
1.951483e-02
000000
6.223665e-01
000000
3.148105e-01
5.271201e-02
000000
1.548348e-01
5.482948e-02
000000
2.272228e-01
000000
3.581503e-01
5.711465e-02
2.134600e-01
1.560726e-01
1.635507e-01
2.052143e-01
5.577074e-01
000000
8.984077e-02
1.962612e-01
2.078828e-01
1.024503e-01
1.730024e-02
7.426785e-02
2.568169e-01
1.453404e-01
2.791350e-01
1.775743e-01
3.856968e-01
1.706297e-01
3.092602e-02
000000
2.923739e-01
1.475472e-01
2.513661e-01
4.628154e-02
2.692156e-01
000000
1.651526e-01
000000
2.566222e-01
000000
000000
1.716800e-01
2.359018e-01
1.570856e-01
2.614266e-01
2.049653e-01
5.619225e-01
1.029034e-01
1.974414e-01
000000
5.837280e-01
1.604974e-01
2.784148e-01
000000
5.245047e-01
000000
4.407081e-03
1.829807e-01
3.821633e-01
1.542010e-01
000000
1.942574e-01
8.855123e-01
8.913763e-02
1.921976e-01
1.918391e-02
3.147480e-01
6.913180e-02
000000
1.507370e-01
000000
1.085014e-01
5.941290e-02
1.666025e-01
000000
1.382705e-01
1.849768e-01
000000
7.759607e-02
1.166247e-01
2.829614e-01
1.718926e-01
4.046984e-01
1.490841e-01
