000000
2.050279e-01
1.257911e-01
1.930245e-01
1.637985e-01
000000
2.679332e-01
2.328789e-01
1.420615e-01
6.297408e-01
4.684230e-01
1.304057e-01
1.955692e-01
000000
000000
8.191497e-02
1.151613e-01
6.146767e-01
1.705761e-01
000000
1.866524e-01
1.122636e-01
1.944254e-01
1.908636e-01
8.682288e-02
000000
8.434691e-01
1.012438e-01
5.325581e-01
2.092026e-01
1.530554e-01
2.306559e-01
2.141997e-01
3.450074e-01
2.107041e-01
2.315295e-01
000000
1.827295e-01
1.698206e-01
9.480348e-02
1.308143e+00
8.327664e-03
000000
000000
1.500790e-01
9.989113e-01
000000
000000
2.019954e-01
8.692449e-02
1.154587e-01
3.877664e-01
1.563363e-01
2.529720e-01
1.489902e-01
6.763409e-01
4.626004e-01
1.451703e-01
1.504033e-01
1.410866e-01
1.902244e-01
1.249323e-01
8.579694e-03
2.101786e-01
2.236508e-01
2.241564e-01
5.242967e-01
1.569482e-02
8.589887e-02
1.794203e-01
1.350847e-01
2.584875e-01
2.617270e-02
1.824173e-01
2.573981e-02
4.757950e-02
2.493873e-01
000000
1.059613e-01
8.669143e-02
2.997123e-01
5.290337e-02
000000
3.081137e-02
000000
000000
000000
1.582979e-01
1.722758e-02
7.039485e-02
2.455677e-02
4.255472e-01
1.933164e-03
000000
000000
1.560387e-01
6.703303e-01
1.425336e-02
1.134960e-01
5.501214e-02
