000000
1.857293e-01
4.326244e-01
1.620929e-01
1.297434e-01
000000
5.787020e-01
1.461205e-01
3.336003e-01
1.462101e-01
3.108615e-01
1.068791e-01
2.303175e-01
000000
000000
3.496979e-02
1.677603e-01
1.700373e-01
1.695742e-01
000000
1.556472e-01
1.260242e-01
6.952600e-01
7.959196e-02
1.685403e-01
000000
4.876561e-01
1.346498e-01
2.754124e-01
1.690924e-01
1.450423e-01
1.256784e-01
3.372823e-01
1.415650e-01
5.353251e-01
1.133404e-01
000000
2.039399e-01
4.692117e-01
9.045254e-02
4.372336e-01
5.039098e-03
000000
000000
2.615899e-01
1.910612e-01
000000
000000
1.216091e-01
3.622383e-02
3.384209e-01
1.527414e-01
3.131083e-01
2.343025e-01
8.119468e-01
1.354712e-01
2.884014e-01
1.832053e-01
4.729052e-01
1.090237e-01
1.752665e-01
1.636528e-01
1.526648e-01
1.080968e-01
3.416973e-01
1.852592e-01
5.660522e-01
1.770622e-02
9.577414e-02
2.382188e-01
6.105142e-01
1.214783e-01
5.633546e-02
5.601206e-02
6.824176e-02
1.656654e-02
2.452610e-01
000000
6.633238e-01
4.394707e-02
2.242952e-01
8.066685e-02
000000
3.032128e-02
000000
000000
000000
1.232580e-01
9.596722e-03
9.518807e-02
5.576525e-02
2.928405e-02
1.440670e-03
000000
000000
1.187493e-01
3.478158e-01
2.189870e-02
3.509953e-01
3.001600e-02
