000000
1.879422e-01
1.281796e-01
1.790949e-01
2.505153e-01
000000
2.458681e-01
2.340732e-01
1.376769e-01
5.559874e-01
4.783894e-01
2.025945e-01
1.861442e-01
000000
000000
1.417759e-01
1.204301e-01
7.638262e-01
1.508942e-01
000000
9.823811e-02
9.430141e-02
1.775188e-01
1.272424e-01
8.840148e-02
000000
8.564455e-01
9.743766e-02
5.165814e-01
1.887542e-01
2.883136e-01
4.232424e-01
2.053210e-01
1.672122e-01
2.118812e-01
2.099201e-01
000000
1.140675e-01
1.739626e-01
8.611316e-02
1.281031e+00
8.327664e-03
000000
000000
1.462308e-01
9.279503e-01
000000
000000
1.318286e-01
7.726621e-02
1.245143e-01
3.917232e-01
1.563363e-01
2.556921e-01
1.497827e-01
1.143631e+00
5.085324e-01
1.437039e-01
1.401485e-01
1.564995e-01
1.642225e-01
1.249323e-01
1.115360e-02
2.028039e-01
2.170729e-01
2.325623e-01
4.709784e-01
1.569482e-02
8.385366e-02
1.784858e-01
1.415792e-01
3.009257e-01
2.346518e-02
2.359263e-01
3.365975e-02
3.445412e-02
2.441646e-01
000000
1.147003e-01
1.009244e-01
1.689287e-01
5.725159e-02
000000
2.427562e-02
000000
000000
000000
1.743281e-01
9.690516e-03
7.632284e-02
1.588967e-02
3.967940e-01
1.933164e-03
000000
000000
1.394192e-01
5.376253e-01
1.514419e-02
9.101093e-02
6.463926e-02
