4.629250e-01
1.332681e-01
3.264200e-02
1.940195e-01
1.180312e-01
6.198821e-02
2.994548e-01
2.089939e-01
1.332923e-01
5.106006e-02
6.079532e-01
4.657345e-02
9.896274e-02
2.615537e-03
7.534988e-02
000000
1.106451e-01
5.197634e-01
000000
1.526102e-01
3.143619e-01
3.367908e-02
1.204592e-01
000000
1.452310e-01
6.656616e-02
3.590150e-01
1.354993e-01
5.245698e-01
2.359427e-01
1.530554e-01
000000
3.662483e-02
4.042725e-01
1.059406e-02
2.361601e-01
000000
1.893742e-01
1.387559e-01
1.161343e-01
1.301365e+00
1.790448e-01
1.002966e-01
3.279977e-01
7.696360e-04
000000
1.552325e-01
1.562637e-01
4.039907e-01
1.931655e-01
2.490286e-02
000000
8.180389e-03
000000
4.755007e-03
4.181016e-01
000000
1.466367e-01
6.665599e-02
1.695411e-01
2.312801e-01
1.229802e-01
3.689268e-02
1.794507e-01
1.236658e-01
000000
5.450316e-01
1.538093e-01
1.268031e-01
000000
1.013135e-01
000000
2.346518e-02
3.672668e-01
5.345960e-02
2.953210e-01
000000
1.914895e-01
2.184768e-01
2.497231e-01
2.288712e-01
000000
2.253295e-01
8.029629e-02
000000
6.386609e-02
000000
1.833451e-01
7.752413e-02
1.230057e-01
000000
7.245803e-01
9.375847e-02
000000
6.207635e-02
1.588086e-01
6.771357e-01
1.585686e-01
1.413346e-01
2.654336e-01
