000000
2.088157e-01
1.154722e-01
1.936406e-01
1.523574e-01
000000
2.509878e-01
2.284307e-01
1.411685e-01
6.800507e-01
5.430998e-01
1.196986e-01
1.416701e-01
000000
000000
9.210171e-02
1.015350e-01
5.164102e-01
9.011210e-02
000000
2.684858e-01
1.204925e-01
1.969614e-01
1.568662e-01
8.067928e-02
000000
8.618137e-01
8.404867e-02
5.572455e-01
1.985328e-01
1.477695e-01
2.541596e-01
2.190938e-01
3.477503e-01
2.116555e-01
2.063717e-01
000000
1.807772e-01
1.696457e-01
1.153367e-01
1.221997e+00
7.378690e-03
000000
000000
1.496569e-01
9.655924e-01
000000
000000
1.864650e-01
6.543908e-02
1.239048e-01
3.983945e-01
1.619264e-01
2.522274e-01
1.574373e-01
7.234851e-01
4.571253e-01
1.366399e-01
1.368114e-01
1.576647e-01
1.646404e-01
1.239616e-01
9.414913e-03
2.218796e-01
2.185015e-01
2.493505e-01
5.406686e-01
1.445598e-02
1.345993e-01
1.790425e-01
1.068172e-01
2.716118e-01
1.525013e-02
2.263196e-01
3.605342e-02
6.403550e-02
1.620332e-01
000000
3.739102e-02
7.721838e-02
3.094602e-01
2.082671e-02
000000
1.814907e-02
000000
000000
000000
1.750435e-01
1.354022e-02
1.114232e-01
1.289434e-02
4.540647e-01
9.695757e-04
000000
000000
1.115728e-01
6.643894e-01
6.371915e-02
1.191375e-01
6.745012e-02
