000000
2.004717e-01
1.321603e-01
1.930245e-01
1.397105e-01
000000
2.647811e-01
2.328789e-01
1.368000e-01
7.091675e-01
4.518122e-01
1.222553e-01
1.908567e-01
000000
000000
9.766784e-02
1.038709e-01
4.926453e-01
1.027830e-01
000000
2.180886e-01
1.100183e-01
1.901987e-01
2.199476e-01
9.155868e-02
000000
8.391436e-01
1.020051e-01
5.325581e-01
2.390887e-01
1.619540e-01
2.866404e-01
2.119801e-01
3.450074e-01
1.965787e-01
2.083766e-01
000000
1.849444e-01
1.656787e-01
9.875362e-02
1.335255e+00
7.286706e-03
000000
000000
1.508486e-01
9.934527e-01
000000
000000
1.807327e-01
9.658277e-02
1.079124e-01
3.838096e-01
1.572453e-01
2.488918e-01
1.537452e-01
7.255293e-01
4.691621e-01
1.451703e-01
1.538215e-01
1.707267e-01
1.560114e-01
1.190761e-01
8.579694e-03
1.855963e-01
2.183885e-01
2.185525e-01
5.272588e-01
1.804905e-02
1.452100e-01
1.775513e-01
1.545681e-01
2.584875e-01
2.527019e-02
1.799850e-01
1.583988e-02
2.789143e-02
2.572215e-01
000000
1.212546e-01
8.798534e-02
2.343205e-01
5.435278e-02
000000
3.547976e-02
000000
000000
000000
1.653111e-01
9.690516e-03
6.668986e-02
1.588967e-02
5.003055e-01
9.665821e-04
000000
000000
1.384959e-01
6.703303e-01
2.583421e-02
1.081424e-01
5.913805e-02
