000000
1.993327e-01
1.241988e-01
1.970044e-01
1.373017e-01
000000
2.805418e-01
2.304904e-01
1.508308e-01
6.013741e-01
4.352015e-01
1.373917e-01
1.708285e-01
000000
000000
7.876439e-02
1.204301e-01
5.965980e-01
1.487073e-01
000000
1.768286e-01
1.156315e-01
1.806888e-01
1.944991e-01
8.840148e-02
000000
8.477946e-01
9.819890e-02
5.325581e-01
2.406616e-01
1.459365e-01
2.239378e-01
2.197490e-01
3.238413e-01
2.107041e-01
2.238119e-01
000000
1.882667e-01
1.646432e-01
9.875362e-02
1.321699e+00
3.122874e-03
000000
000000
1.508486e-01
9.607015e-01
000000
000000
1.573438e-01
9.819248e-02
1.041392e-01
3.877664e-01
1.517917e-01
2.407314e-01
1.521602e-01
7.993119e-01
4.527579e-01
1.437039e-01
1.341665e-01
1.802115e-01
1.368521e-01
1.629976e-01
5.147816e-03
1.868254e-01
2.394380e-01
2.409682e-01
5.391073e-01
1.412534e-02
1.329387e-01
1.812892e-01
1.259925e-01
2.777776e-01
2.707520e-02
2.213330e-01
2.672980e-02
3.937614e-02
2.559158e-01
000000
9.612981e-02
7.892802e-02
3.160602e-01
4.638104e-02
000000
2.801033e-02
000000
000000
000000
1.492809e-01
8.613792e-03
6.891286e-02
2.744580e-02
4.370485e-01
000000
000000
000000
1.625018e-01
6.771357e-01
1.069002e-02
1.220617e-01
7.151578e-02
