000000
2.050279e-01
1.377333e-01
1.970044e-01
2.264273e-01
000000
1.875532e-01
2.292962e-01
7.103077e-02
7.488809e-01
4.950002e-01
1.152693e-01
1.731848e-01
000000
000000
9.609256e-02
8.354837e-02
8.271017e-01
1.508942e-01
000000
1.493219e-01
1.683954e-01
1.880854e-01
2.453961e-01
6.630111e-02
000000
5.579872e-01
9.819890e-02
5.325581e-01
2.265050e-01
1.245800e-01
3.157523e-01
2.086505e-01
3.450074e-01
2.177668e-01
2.145507e-01
000000
1.882667e-01
1.356494e-01
1.106041e-01
9.014666e-01
6.245748e-03
000000
000000
1.454612e-01
9.170333e-01
000000
000000
1.701014e-01
8.692449e-02
1.003661e-01
3.699608e-01
1.572453e-01
2.393713e-01
1.545377e-01
4.918843e-01
3.477705e-01
1.459035e-01
1.427122e-01
2.169651e-01
1.642225e-01
1.883745e-01
7.721725e-03
2.040330e-01
1.683959e-01
1.989388e-01
5.005997e-01
1.804905e-02
3.108721e-01
1.794203e-01
1.207969e-01
3.144288e-01
3.429526e-02
2.505197e-01
2.474982e-02
2.625076e-02
2.428589e-01
000000
1.103308e-01
9.316094e-02
2.506685e-01
5.942570e-02
000000
4.014814e-02
000000
000000
000000
1.552923e-01
5.383620e-03
6.372587e-02
2.022322e-02
3.220357e-01
000000
000000
000000
1.514221e-01
6.737330e-01
1.514419e-02
8.565735e-02
5.501214e-02
