000000
1.719956e-01
1.417141e-01
1.910346e-01
2.023393e-01
000000
2.190748e-01
2.340732e-01
1.394308e-01
1.015528e+00
5.149331e-01
5.355947e-02
1.991036e-01
000000
000000
7.561381e-02
6.698923e-02
2.350234e-01
1.355861e-01
000000
1.178857e-01
1.414521e-01
2.060486e-01
1.363312e-01
6.077602e-02
000000
8.348181e-01
1.050500e-01
5.325581e-01
2.862772e-01
1.583945e-01
1.410808e-01
2.197490e-01
2.455267e-01
2.059956e-01
2.948142e-01
000000
1.196048e-01
1.159751e-01
8.690319e-02
1.233586e+00
1.873724e-02
000000
000000
1.462308e-01
8.951992e-01
000000
000000
1.892378e-01
7.726621e-02
7.470859e-02
3.818312e-01
1.617899e-01
2.488918e-01
1.545377e-01
9.899171e-01
4.494770e-01
1.466367e-01
1.461304e-01
1.422722e-01
1.765392e-01
1.717819e-01
6.005786e-03
1.892837e-01
2.315444e-01
2.479731e-01
5.568801e-01
1.883379e-02
1.513456e-01
1.766168e-01
1.246936e-01
2.989967e-01
2.888022e-02
1.775528e-01
2.375982e-02
6.890824e-02
2.533044e-01
000000
1.234394e-01
1.436231e-01
7.683533e-01
6.449863e-02
000000
5.321963e-02
000000
000000
000000
1.422677e-01
1.399741e-02
8.447383e-02
2.238999e-02
4.715523e-01
9.665821e-04
000000
000000
1.458823e-01
6.260953e-01
5.968594e-02
8.137448e-02
3.988380e-02
