000000
2.038888e-01
1.265873e-01
1.950145e-01
2.047481e-01
000000
2.663571e-01
2.328789e-01
1.438154e-01
6.240674e-01
5.082888e-01
1.269127e-01
1.967473e-01
000000
000000
8.664083e-02
1.023656e-01
3.886926e-01
1.662023e-01
000000
1.984410e-01
9.654668e-02
1.965387e-01
1.817749e-01
8.761218e-02
000000
8.564455e-01
9.591520e-02
5.325581e-01
2.029108e-01
1.530554e-01
2.172197e-01
2.186391e-01
3.153749e-01
2.142354e-01
2.346166e-01
000000
1.771922e-01
1.718916e-01
8.927328e-02
1.321699e+00
9.368622e-03
000000
000000
1.454612e-01
9.770771e-01
000000
000000
2.019954e-01
7.565650e-02
1.094217e-01
3.917232e-01
1.599720e-01
2.502518e-01
1.497827e-01
6.640437e-01
4.724430e-01
1.437039e-01
1.598035e-01
1.636131e-01
1.272725e-01
1.356687e-01
1.029563e-02
2.052621e-01
2.289132e-01
2.241564e-01
5.213346e-01
1.569482e-02
1.411196e-01
1.784858e-01
1.571659e-01
2.816356e-01
2.346518e-02
2.334941e-01
2.276983e-02
3.609479e-02
2.506930e-01
000000
1.343633e-01
9.963045e-02
2.343205e-01
4.565633e-02
000000
3.641343e-02
000000
000000
000000
1.753300e-01
1.722758e-02
6.298487e-02
2.094548e-02
3.737914e-01
1.933164e-03
000000
000000
1.421891e-01
6.771357e-01
1.247169e-02
1.092131e-01
5.226153e-02
