1.318798e-01
2.141402e-01
1.313642e-01
1.900396e-01
1.686161e-01
000000
2.521724e-01
2.340732e-01
1.446923e-01
5.843541e-01
5.182552e-01
1.467064e-01
1.566910e-01
000000
000000
000000
1.098924e-01
2.982990e-01
2.186873e-01
000000
5.697810e-02
1.189994e-01
1.975954e-01
2.163121e-01
8.603359e-02
1.830570e-01
8.521201e-01
1.233195e-01
5.298954e-01
2.044837e-01
1.512757e-01
2.597678e-01
2.186391e-01
3.873396e-01
2.165897e-01
2.083766e-01
3.120186e-02
1.949115e-01
1.636077e-01
9.243339e-02
1.308143e+00
000000
3.666758e-02
4.456491e-02
1.454612e-01
9.388674e-01
000000
000000
3.019299e-01
9.658277e-03
1.124402e-01
3.838096e-01
1.654256e-01
2.407314e-01
1.521602e-01
7.685692e-01
4.560387e-01
1.466367e-01
1.563852e-01
1.387154e-01
2.066467e-01
1.503092e-01
000000
1.794507e-01
2.170729e-01
2.437701e-01
5.539180e-01
000000
1.083962e-01
1.803548e-01
1.805459e-01
3.124998e-01
2.346518e-02
2.480875e-01
2.375982e-02
1.640672e-03
2.598329e-01
000000
1.529338e-01
6.340120e-02
2.779150e-01
7.971741e-02
000000
5.508699e-02
000000
7.846406e-02
000000
1.713224e-01
000000
5.335189e-02
6.066966e-02
1.725191e-01
2.899746e-03
000000
000000
1.394192e-01
6.703303e-01
4.454175e-02
1.081424e-01
8.801942e-02
